0.01 1.0122077868435915
0.02 1.0243565532321581
0.03 1.0364448934939026
0.04 1.048470527727627
0.05 1.0604303513327171
0.060000000000000005 1.0723204808760978
0.06999999999999999 1.0841362965965782
0.08 1.0958724818341616
0.09 1.1075230596451024
0.09999999999999999 1.1190814268393472
0.11 1.1305403856552287
0.12 1.141892173266662
0.13 1.1531284893003513
0.14 1.1642405215244993
0.15000000000000002 1.1752189698560547
0.16 1.1860540688203862
0.17 1.1967356085854877
0.18000000000000002 1.2072529546820032
0.19 1.2175950665106927
0.2 1.2277505147301007
0.21000000000000002 1.2377074976092088
0.22 1.2474538564225668
0.23 1.2569770899588353
0.24000000000000002 1.2662643682076467
0.25 1.2753025452842677
0.26 1.2840781716465899
0.27 1.2925775056544613
0.28 1.3007865245172843
0.29000000000000004 1.3086909346720534
0.3 1.3162761816306245
0.31 1.3235274593318787
0.32 1.330429719031638
0.33 1.3369676777605983
0.34 1.3431258263781756
0.35000000000000003 1.3488884372480288
0.36000000000000004 1.3542395715590418
0.37 1.3591630863137438
0.38 1.3636426410044968
0.39 1.3676617039962953
0.4 1.371203558633595
0.41000000000000003 1.3742513090873665
0.42000000000000004 1.3767878859573726
0.43 1.3787960516436173
0.44 1.3802584054999307
0.45 1.381157388781749
0.46 1.381475289399319
0.47000000000000003 1.3811942464868006
0.48000000000000004 1.3802962547970228
0.49 1.3787631689310273
0.5 1.3765767074108888
0.51 1.3737184566038108
0.52 1.3701698745049262
0.53 1.3659122943857986
0.54 1.3609269283151697
0.55 1.3551948705580998
0.56 1.3486971008592528
0.5700000000000001 1.3414144876157763
0.5800000000000001 1.3333277909448447
0.59 1.3244176656506799
0.6 1.314664664095574
0.61 1.30404923897916
0.62 1.2925517460299694
0.63 1.2801524466130478
0.64 1.2668315102572458
0.65 1.2525690171055466
0.66 1.2373449602916486
0.67 1.2211392482458456
0.68 1.203931706933075
0.6900000000000001 1.1857020820258584
0.7000000000000001 1.166430041014728
0.7100000000000001 1.1460951752585953
0.72 1.1246770019773866
0.73 1.1021549661891716
0.74 1.0785084425938853
0.75 1.053716737405664
0.76 1.0277590901356792
0.77 1.0006146753273186
0.78 0.9722626042454279
0.79 0.9426819265212725
0.8 0.9118516317548032
0.81 0.8797506510757231
0.8200000000000001 0.8463578586648032
0.8300000000000001 0.8116520732368072
0.8400000000000001 0.7756120594863646
0.85 0.7382165294980148
0.86 0.6994441441216617
0.87 0.6592735143145595
0.88 0.6176832024509531
0.89 0.5746517236004185
0.9 0.530157546775921
0.91 0.4841790961525561
0.92 0.43669475225791554
0.93 0.3876828531349674
0.9400000000000001 0.3371216954782946
0.9500000000000001 0.2849895357445486
0.9600000000000001 0.2312645912378702
0.97 0.17592504117107696
0.98 0.1189490277033097
0.99 0.060314656954885346
1. 6.018858411085136e-17