0.01 1.001421343081263
0.02 1.0027104059738061
0.03 1.003867052334082
0.04 1.0048910554134998
0.05 1.0057820982425278
0.060000000000000005 1.0065397736389559
0.06999999999999999 1.0071635840286244
0.08 1.007652941079238
0.09 1.0080071651471987
0.09999999999999999 1.0082254845367165
0.11 1.0083070345697251
0.12 1.0082508564645296
0.13 1.0080558960203876
0.14 1.007721002104611
0.15000000000000002 1.007244924938115
0.16 1.0066263141746936
0.17 1.0058637167686841
0.18000000000000002 1.0049555746250487
0.19 1.003900222025289
0.2 1.0026958828220274
0.21000000000000002 1.0013406673945142
0.22 0.99983256935677
0.23 0.9981694620095785
0.24000000000000002 0.9963490945270996
0.25 0.9943690878684814
0.26 0.9922269304045475
0.27 0.9899199732494576
0.28 0.987445425287179
0.29000000000000004 0.9848003478827382
0.3 0.9819816492685329
0.31 0.9789860785966186
0.32 0.9758102196487901
0.33 0.9724504841976305
0.34 0.9689031050135298
0.35000000000000003 0.9651641285151147
0.36000000000000004 0.961229407063717
0.37 0.9570945909065791
0.38 0.9527551197786671
0.39 0.9482062141794247
0.4 0.9434428663488748
0.41000000000000003 0.938459830977407
0.42000000000000004 0.9332516156958351
0.43 0.9278124714072408
0.44 0.9221363825403022
0.45 0.9162170573258398
0.46 0.9100479182248639
0.47000000000000003 0.9036220926683574
0.48000000000000004 0.896932404307217
0.49 0.8899713650163295
0.5 0.8827311679507518
0.51 0.8752036820157434
0.52 0.8673804481872309
0.53 0.8592526782065777
0.54 0.850811256274581
0.55 0.8420467444855748
0.56 0.8329493928740966
0.5700000000000001 0.8235091550939555
0.5800000000000001 0.8137157109117484
0.59 0.8035584968714651
0.6 0.7930267466690071
0.61 0.7821095429572316
0.62 0.7707958824710587
0.63 0.7590747564997968
0.64 0.7469352488140218
0.65 0.7343666531409659
0.66 0.7213586121276024
0.67 0.7079012793726117
0.68 0.6939855054704813
0.6900000000000001 0.6796030480020143
0.7000000000000001 0.6647468039232748
0.7100000000000001 0.6494110607440962
0.72 0.6335917601537586
0.73 0.6172867642855662
0.74 0.6004961106219183
0.75 0.5832222367459736
0.76 0.5654701510245599
0.77 0.5472475203468354
0.78 0.5285646419678987
0.79 0.5094342642626113
0.8 0.4898712218680558
0.81 0.4698918553299652
0.8200000000000001 0.4495131946983856
0.8300000000000001 0.42875190060446
0.8400000000000001 0.4076229742563891
0.85 0.38613826738705814
0.86 0.364304841239434
0.87 0.3421232363445006
0.88 0.3195857185143899
0.89 0.29667455875803117
0.9 0.27336038540543145
0.91 0.24960061762982455
0.92 0.2253379547256103
0.93 0.20049885969677406
0.9400000000000001 0.17499194314106162
0.9500000000000001 0.14870612654270302
0.9600000000000001 0.12150844301202084
0.97 0.09324131602761405
0.98 0.06371913888714106
0.99 0.0327239543625556
1. 3.7582514536339665e-17