0.01 1.0048486566279673
0.02 1.0095759165787759
0.03 1.0141814894118428
0.04 1.0186648960266202
0.05 1.0230254724611432
0.060000000000000005 1.027262373323516
0.06999999999999999 1.0313745748617829
0.08 1.035360877688243
0.09 1.0392199091725693
0.09999999999999999 1.0429501255165015
0.11 1.0465498135214124
0.12 1.0500170920586953
0.13 1.0533499132516009
0.14 1.0565460633759907
0.15000000000000002 1.0596031634863035
0.16 1.0625186697719755
0.17 1.0652898736485217
0.18000000000000002 1.067913901586523
0.19 1.0703877146808074
0.2 1.0727081079612295
0.21000000000000002 1.0748717094455669
0.22 1.0768749789342194
0.23 1.0787142065455386
0.24000000000000002 1.0803855109898501
0.25 1.0818848375793837
0.26 1.0832079559705798
0.27 1.0843504576344363
0.28 1.0853077530498003
0.29000000000000004 1.0860750686137375
0.3 1.0866474432623419
0.31 1.087019724794595
0.32 1.0871865658911157
0.33 1.087142419818888
0.34 1.0868815358122987
0.35000000000000003 1.0863979541200703
0.36000000000000004 1.0856855007069288
0.37 1.0847377815981323
0.38 1.083548176854259
0.39 1.0821098341629698
0.4 1.0804156620338121
0.41000000000000003 1.0784583225815039
0.42000000000000004 1.0762302238825654
0.43 1.0737235118896742
0.44 1.0709300618876794
0.45 1.0678414694748912
0.46 1.0644490410530467
0.47000000000000003 1.060743783809273
0.48000000000000004 1.0567163951734837
0.49 1.0523572517349218
0.5 1.0476563976021058
0.51 1.0426035321912148
0.52 1.037187997429083
0.53 1.0313987643584084
0.54 1.0252244191346562
0.55 1.01865314840644
0.56 1.0116727240739263
0.5700000000000001 1.004270487423137
0.5800000000000001 0.9964333326378301
0.59 0.9881476896950466
0.6 0.9793995066552883
0.61 0.9701742313636347
0.62 0.9604567925837847
0.63 0.9502315805927327
0.64 0.9394824272693445
0.65 0.9281925857148837
0.66 0.9163447094468968
0.67 0.9039208312088381
0.68 0.8909023414349193
0.6900000000000001 0.877269966401243
0.7000000000000001 0.8630037460776492
0.7100000000000001 0.8480830116667222
0.72 0.8324863627727604
0.73 0.8161916440785864
0.74 0.7991759213148296
0.75 0.7814154561756562
0.76 0.7628856796556214
0.77 0.7435611630403632
0.78 0.7234155854623736
0.79 0.7024216965118224
0.8 0.680551271847818
0.81 0.6577750590609549
0.8200000000000001 0.6340627101644579
0.8300000000000001 0.60938269600892
0.8400000000000001 0.5837021965964717
0.85 0.5569869596920153
0.86 0.5292011182814766
0.87 0.5003069553191917
0.88 0.4702646018778054
0.89 0.4390316523459349
0.9 0.40656267784764666
0.91 0.3728086167864685
0.92 0.33771601962106895
0.93 0.3012261240051363
0.9400000000000001 0.2632737366645609
0.9500000000000001 0.2237859002401248
0.9600000000000001 0.18268032712484758
0.97 0.1398635882337329
0.98 0.0952290525287635
0.99 0.04865458243745972
1. -1.7117489164277338e-13