0.01 0.009993232396263808
0.02 0.019975597887002462
0.03 0.02995107850357071
0.04 0.0399236346196366
0.05 0.04989721183191361
0.060000000000000005 0.059875747756370466
0.06999999999999999 0.06986317876250318
0.08 0.07986344666767184
0.09 0.08988050541300734
0.09999999999999999 0.0999183277419734
0.11 0.10998091190232241
0.12 0.12007228839189489
0.13 0.13019652676848295
0.14 0.14035774254378783
0.15000000000000002 0.15056010418134871
0.16 0.16080784021818542
0.17 0.17110524652977133
0.18000000000000002 0.18145669375781642
0.19 0.19186663492017614
0.2 0.20233961322198366
0.21000000000000002 0.21288027008680768
0.22 0.22349335342623172
0.23 0.23418372616569386
0.24000000000000002 0.24495637504367426
0.25 0.2558164197003154
0.26 0.26676912207024295
0.27 0.2778198960926402
0.28 0.2889743177494286
0.29000000000000004 0.30023813543959976
0.3 0.31161728069420364
0.31 0.3231178792320555
0.32 0.3347462623506843
0.33 0.3465089786401866
0.34 0.35841280599917935
0.35000000000000003 0.3704647639216429
0.36000000000000004 0.3826721260107112
0.37 0.3950424326599243
0.38 0.40758350382354763
0.39 0.42030345177461853
0.4 0.4332106937215907
0.41000000000000003 0.4463139641208885
0.42000000000000004 0.45962232648221246
0.43 0.4731451844147576
0.44 0.48689229160404884
0.45 0.500873760339039
0.46 0.5151000681253547
0.47000000000000003 0.5295820618206101
0.48000000000000004 0.5443309586087365
0.49 0.5593583429890341
0.5 0.5746761587884973
0.51 0.5902966950088219
0.52 0.6062325640879527
0.53 0.622496670885372
0.54 0.6391021703857755
0.55 0.6560624117527641
0.56 0.6733908659488242
0.5700000000000001 0.6911010336676354
0.5800000000000001 0.709206329799594
0.59 0.7277199400751162
0.6 0.7466546449125223
0.61 0.7660226048564049
0.62 0.7858351013590563
0.63 0.8061022260793698
0.64 0.826832511421162
0.65 0.8480324948064811
0.66 0.8697062093172505
0.67 0.8918545940246161
0.68 0.9144748187964772
0.6900000000000001 0.9375595209231721
0.7000000000000001 0.9610959548751249
0.7100000000000001 0.9850650622867861
0.72 1.0094404772306986
0.73 1.0341874923212557
0.74 1.0592620243188442
0.75 1.0846096335261886
0.76 1.1101646687120128
0.77 1.1358496271812033
0.78 1.1615748356506772
0.79 1.1872385685049682
0.8 1.2127277216316488
0.81 1.237919147773106
0.8200000000000001 1.262681729009785
0.8300000000000001 1.2868792111685636
0.8400000000000001 1.310373754439708
0.85 1.333030069696027
0.86 1.3547199214919246
0.87 1.375326701304585
0.88 1.3947497247566196
0.89 1.4129078984565533
0.9 1.4297424430909127
0.91 1.445218446968216
0.92 1.4593251453993632
0.93 1.4720749554339911
0.9400000000000001 1.4835014193688227
0.9500000000000001 1.4936563042845048
0.9600000000000001 1.502606156757201
0.97 1.5104286196762673
0.98 1.5172087882528789
0.99 1.5230358267688127
1. 1.528