0.01 0.00993904195040811
0.02 0.0197570801627237
0.03 0.02945549092116497
0.04 0.03903566081166883
0.05 0.048498986492677545
0.060000000000000005 0.05784687424861369
0.06999999999999999 0.06708073935735782
0.08 0.07620200530083084
0.09 0.08521210284556671
0.09999999999999999 0.0941124690179676
0.11 0.10290454599677827
0.12 0.1115897799432215
0.13 0.12016961978721391
0.14 0.12864551598614263
0.15000000000000002 0.1370189192708413
0.16 0.14529127939166123
0.17 0.15346404387589785
0.18000000000000002 0.1615386568063075
0.19 0.16951655762903414
0.2 0.1773991799979603
0.21000000000000002 0.18518795066130087
0.22 0.19288428839517036
0.23 0.20048960298786386
0.24000000000000002 0.2080052942777078
0.25 0.21543275124653896
0.26 0.22277335117016578
0.27 0.23002845882654246
0.28 0.2371994257618411
0.29000000000000004 0.24428758961413427
0.3 0.2512942734939912
0.31 0.2582207854209481
0.32 0.2650684178145168
0.33 0.27183844703815985
0.34 0.2785321329944621
0.35000000000000003 0.2851507187695731
0.36000000000000004 0.29169543032487794
0.37 0.29816747623376594
0.38 0.30456804746130894
0.39 0.3108983171846252
0.4 0.31715944065169654
0.41000000000000003 0.3233525550764085
0.42000000000000004 0.32947877956760735
0.43 0.33553921509000445
0.44 0.34153494445480187
0.45 0.34746703233797194
0.46 0.3533365253241856
0.47000000000000003 0.3591444519744527
0.48000000000000004 0.3648918229156125
0.49 0.3705796309498882
0.5 0.37620885118279906
0.51 0.3817804411678036
0.52 0.3872953410661282
0.53 0.3927544738203171
0.54 0.39815874534011697
0.55 0.4035090446993903
0.56 0.40880624434282875
0.5700000000000001 0.4140512003013095
0.5800000000000001 0.4192447524148149
0.59 0.4243877245619025
0.6 0.42948092489478046
0.61 0.4345251460791104
0.62 0.4395211655377199
0.63 0.4444697456974676
0.64 0.4493716342385577
0.65 0.45422756434565864
0.66 0.45903825496022793
0.67 0.46380441103349396
0.68 0.4685267237795929
0.6900000000000001 0.4732058709283995
0.7000000000000001 0.47784251697763147
0.7100000000000001 0.4824373134438456
0.72 0.4869908991119791
0.73 0.49150390028312135
0.74 0.49597693102023455
0.75 0.5004105933915689
0.76 0.504805477711547
0.77 0.5091621627789132
0.78 0.5134812161119734
0.79 0.5177631941807651
0.8 0.5220086426360239
0.81 0.5262180965348268
0.8200000000000001 0.5303920805628131
0.8300000000000001 0.5345311092528958
0.8400000000000001 0.5386356872003953
0.85 0.5427063092745368
0.86 0.5467434608262671
0.87 0.550747617892358
0.88 0.5547192473957717
0.89 0.5586588073422754
0.9 0.5625667470132995
0.91 0.5664435071550423
0.92 0.5702895201638305
0.93 0.5741052102677502
0.9400000000000001 0.5778909937045723
0.9500000000000001 0.581647278895998
0.9600000000000001 0.5853744666182558
0.97 0.5890729501690846
0.98 0.5927431155311451
0.99 0.5963853415318986
1. 0.6