0.01 0.009976118106928342
0.02 0.019907095794395237
0.03 0.02979679302800313
0.04 0.03964897663052285
0.05 0.04946732860488461
0.060000000000000005 0.05925545402390242
0.06999999999999999 0.0690168885265906
0.08 0.07875510545779944
0.09 0.08847352268508336
0.09999999999999999 0.09817550912418513
0.11 0.10786439100224621
0.12 0.11754345788580739
0.13 0.12721596849882738
0.14 0.13688515635429163
0.15000000000000002 0.14655423522149932
0.16 0.15622640444977834
0.17 0.16590485416817743
0.18000000000000002 0.17559277037960197
0.19 0.1852933399668873
0.2 0.1950097556274256
0.21000000000000002 0.20474522075216892
0.22 0.21450295426411295
0.23 0.2242861954307128
0.24000000000000002 0.23409820866407838
0.25 0.2439422883222462
0.26 0.25382176352429964
0.27 0.2637400029916123
0.28 0.2737004199270094
0.29000000000000004 0.2837064769431536
0.3 0.29376169105097527
0.31 0.30386963871844513
0.32 0.31403396100943015
0.33 0.3242583688117601
0.34 0.33454664816293705
0.35000000000000003 0.34490266568112826
0.36000000000000004 0.35533037410816465
0.37 0.36583381797018943
0.38 0.37641713936033977
0.39 0.3870845838463436
0.4 0.39784050650414055
0.41000000000000003 0.4086893780765261
0.42000000000000004 0.4196357912533151
0.43 0.4306844670665429
0.44 0.44184026139068927
0.45 0.45310817153371763
0.46 0.46449334289975
0.47000000000000003 0.47600107569831546
0.48000000000000004 0.4876368316681451
0.49 0.49940624077526397
0.5 0.511315107835425
0.51 0.5233694189994876
0.52 0.5355753480268785
0.53 0.5479392622564259
0.54 0.5604677281652638
0.55 0.5731675163846626
0.56 0.5860456060160822
0.5700000000000001 0.5991091880608097
0.5800000000000001 0.6123656677415836
0.59 0.6258226654538179
0.6 0.6394880160365355
0.61 0.6533697659979104
0.62 0.6674761682662796
0.63 0.6818156739634138
0.64 0.6963969206113745
0.65 0.7112287160860442
0.66 0.7263200175179152
0.67 0.741679904212472
0.68 0.7573175435171627
0.6900000000000001 0.773242148398254
0.7000000000000001 0.7894629253080816
0.7100000000000001 0.805989010721077
0.72 0.8228293944962636
0.73 0.8399928279868221
0.74 0.8574877145679762
0.75 0.875321979999779
0.76 0.8935029197920428
0.77 0.9120370205103427
0.78 0.9309297517768625
0.79 0.9501853256082157
0.8 0.9698064197349431
0.81 0.9897938617170436
0.8200000000000001 1.0101462710740068
0.8300000000000001 1.0308596573695408
0.8400000000000001 1.0519269733300796
0.85 1.073337623746775
0.86 1.0950769332379477
0.87 1.1171255790591208
0.88 1.1394589991526205
0.89 1.162046790601472
0.9 1.1848521195935617
0.91 1.207831170794921
0.92 1.2309326713879172
0.93 1.2540975324361914
0.9400000000000001 1.2772586569021915
0.9500000000000001 1.300340968474105
0.9600000000000001 1.3232617169915843
0.97 1.345931113155864
0.98 1.3682533358608056
0.99 1.3901279387172079
1. 1.411451657729498