70.8465496894549 3.463790350981256e7 0.0038064939922863596
64.12131429251093 2.568040371134467e7 0.004205732767510339
58.036073320900094 1.904090486424374e7 0.004646718435598102
52.52992363415761 1.4119278746083722e7 0.005133788360365431
47.547757831273834 1.0470820706142383e7 0.005671724381337381
43.03971271712438 7.765988222466604e6 0.006265797002573748
38.96067025465181 5.760570592031415e6 0.006921813673416506
35.269806008137735 4.273586901110296e6 0.0076461714722234255
31.93018055822396 3.1709098250993746e6 0.008445914511723508
28.908369799415965 2.3531317009008056e6 0.009328796387863743
26.174130419952707 1.7465737400114026e6 0.010303347991463267
23.70009721603145 1.2966240551003455e6 0.011378950991884334
21.461509210985167 962801.1740738488 0.012565917282114342
19.4359618383013 715096.0396017794 0.013875574642535601
17.6031827082114 531261.3082724126 0.015320358833147741
15.944828713616806 394802.5692836499 0.016913912257404715
14.444302444673456 293489.6747605279 0.018671189250814974
13.086586074600639 218253.47390896737 0.0206085679289639
11.858091054127554 162368.13968120673 0.022743968376819045
10.746522110196556 120845.13170858011 0.025096976767417616
9.740754187692797 89983.99574521671 0.027688974755814295
8.830721102492245 67039.39344812259 0.030543273195206614
8.007314791316498 49974.27290817735 0.03368524885746389
7.262294149921184 37276.88263952572 0.03714248240039714
6.588202547090995 27825.105563735837 0.04094489529937385
5.9782931887291495 20785.86782940848 0.045124882841995236
5.426461584881859 15540.547528764844 0.049717439563276455
4.9271844436218135 11629.657564721112 0.054760272668905395
4.475464380044122 8711.817765736738 0.06029389805292371
4.066779886856502 6533.32141991124 0.0663617124659311
3.6970400657696545 4905.557458565453 0.07301003424033163
3.3625436666587443 3688.2580704526467 0.0802881037499104
3.059942024779108 2777.066668651835 0.08824803350494527
2.7862055256482794 2094.3103573066505 0.09694469651061043
2.5385932629959123 1582.1495469401887 0.10643554031553148
2.314625587854925 1197.4912224355844 0.11678031314307966
2.1120592768264967 908.2109006313985 0.12804068775173022
1.9288650751857486 690.3458444004765 0.1402797683632735
1.763207396168082 526.009238698539 0.15356146630870937
1.6134259818083623 401.83964549686505 0.16794973117692005
1.4780193533365507 307.8479669389452 0.18350762643415197
1.355629900463043 236.55967900241214 0.2002962419402133
1.245030478780453 182.37645293330084 0.2183734407300475
1.145112402476042 141.10083177507823 0.23779244402030816
1.054874734600102 109.5821334706745 0.2586002667193828
0.9734147876425316 85.4525142640513 0.280836025718396
0.8999197507936626 66.93011321330256 0.30452915469901765
0.8336593540439907 52.672127335411616 0.329697571673603
0.7739794600096653 41.665068741029664 0.35634585828814885
0.7202964394647117 33.14272424025362 0.38446352212450274
0.6720921355003859 26.524766611068795 0.4140234236563244
0.6289091577057179 21.370771769536088 0.4449804567966445
0.5903461822270824 17.345738136032015 0.47727057472410156
0.5560528854455887 14.19420258916715 0.5108102496006777
0.5257241369145171 11.720789671996421 0.5454964449139034
0.4990931545866827 9.775582420502378 0.5812071620245618
0.4759235091183058 8.243112737630884 0.6178025983107648
0.4560001557227809 7.034072760682058 0.6551269241260237
0.4391200277567382 6.079073376735934 0.6930106515275667
0.42508304910861466 5.323942631612111 0.7312735320061049
0.4136845848714131 4.726181019944264 0.7697278863688567
0.4047102492789035 4.252284319528308 0.8081822407316087
0.39793361516429393 3.8757161538939324 0.8464451212101467
0.3931168290561742 3.5753674656584864 0.8843288486116896
0.3900136177836253 3.334382160209341 0.9216531744269487
0.3883738476373659 3.13925974807429 0.9582486107131518
0.3879487375140016 2.9791688165889822 0.9939593278238104
0.3884959869368944 2.8454214549514014 1.0286455231370362
0.3897843431205754 2.731070161254753 1.0621851980136123
0.3915973844253018 2.6305969099000537 1.0944753159410696
0.39373647428177255 2.539670240029808 1.1254323490813896
0.396022927971146 2.45495130648316 1.1549922506132115
0.3982994576642442 2.3739342850721155 1.1831099144495656
0.4004309525277771 2.294810509000948 1.2097582010641117
0.4023046377794274 2.2163492071267235 1.234926618038697
0.4038296538036583 2.1377906109470133 1.2586197470193188
0.4049361066147649 2.058749397072734 1.2808555060183322
0.4055736595870375 1.9791279008928118 1.301663328717407
0.40570975637074086 1.8990393249883621 1.3210823320076677
0.4053275799568994 1.8187413963422692 1.339159530797502
0.40442385911692147 1.7385807669378028 1.3559481463035634
0.403006629919312 1.658948077825794 1.3715060415607954
0.40109304797750855 1.580243168880856 1.3858943064290064
0.3987073291148191 1.502849525415083 1.3991760043744421
0.3958788752734173 1.427116772080772 1.4114150849859857
0.39264062150374546 1.353349876287356 1.4226754595946363
0.38902762083959824 1.2818036997569062 1.4330202324221846
0.3850758680839163 1.2126816123367234 1.4425110762271056
0.38082135155102004 1.1461370245696034 1.451207739232771
0.37629931360456736 1.0822768736448953 1.459167668987806
0.37154369598621384 1.0211662855620043 1.4664457384973846
0.3665867438353051 0.9628338161709608 1.4730940602717852
0.3614587422822842 0.9072768337831072 1.4791618746847928
0.35618786092097865 0.8544667406968383 1.4846955000688111
0.3508000837808904 0.804353838997821 1.48973833317444
0.3453192051958883 0.7568717289176847 1.4943308898957213
0.3397668748791761 0.7119411889798438 1.4985108774383427
0.3341626783457342 0.6694735298768094 1.5023132903373195
0.328524241434961 0.6293734422897306 1.5057705238802528
0.3228673500037611 0.5915413761276795 1.50891249954251
0.31720607785531185 0.5558754978778764 1.5117667979819025
0.3115529176433571 0.5222732763126174 1.5143587959702993
0.30591891086738376 0.4906327465618137 1.5167118043608978
0.3003137741819745 0.46085349993630725 1.5188472048087527
0.29474602011984646 0.4328374428974011 1.5207845834869018
0.28922307100871125 0.4064893639279662 1.522541860480312
0.28375136538100876 0.3817173422515459 1.524135413904569
0.2783364565633913 0.3584330276767693 1.5255801980951813
0.2729831034158484 0.33655181649712806 1.5268898554556025
0.2676953533911185 0.3159929444473019 1.5280768217458325
0.2624766182219777 0.29667951424297123 1.5291524247462536
0.25732974263225855 0.2785384722104961 1.530126976349853
0.2522570665191802 0.261500545921917 1.5310098582259934
0.24726048107930632 0.24550015255245095 1.5318096012654934
0.24234147935569006 0.23047528582953655 1.5325339590643003
0.23750120167537248 0.21636738790105295 1.533189975735143
0.2327404764285852 0.20312121117283183 1.5337840483563796
0.2280598566174035 0.19068467411404075 1.5343219843773517
0.22345965257429354 0.1790087141672645 1.5348090543021187
0.2189399612221114 0.16804714019828842 1.5352500399702067
0.21450069221781218 0.1577564863515753 1.5356492787454306
0.21014159129310359 0.14809586871788888 1.5360107039131254
0.20586226107766584 0.139026845852379 1.5363378815731508
0.20166217966408279 0.13051328388677147 1.5366340443016206
0.19754071714900734 0.12252122674573754 1.5369021218390189
0.193497150362291 0.11501877179336147 1.5371447690466518
0.18953067597469062 0.10797595109119273 1.5373643913576498
0.1856404221555772 0.10136461833758084 1.5375631679331956
0.18182545893451393 0.09515834147205304 1.5377430727195514
0.17808480740474836 0.08933230086364122 1.5379058935869123
0.17441744789222063 0.08386319295364582 1.5380532497172374
0.17082232720077198 0.07872913918839622 1.5381866073950536
0.16729836503259177 0.07390960005310002 1.5383072943428382
0.16384445967248293 0.06938529400167846 1.5384165127309688
0.1604594930151114 0.06513812106772358 1.5385153509813894
0.15714233500589073 0.061151090936895657 1.5386047944740588
0.1538918475589013 0.05740825526059644 1.5386857352558934
0.15070688800811483 0.05389464399235083 1.5387589808432798
0.14758631214255521 0.05059620553308832 1.5388252622012553
0.14452897687029317 0.04749975047698262 1.5388852409751177
0.14153374255165238 0.0445928987568603 1.538939516043482
0.13859947503741177 0.04186402999565959 1.5389886294556188
0.1357250474442985 0.03930223687904546 1.5390330718102392
0.13290934169637453 0.03689728137253457 1.5390732871277133
0.1301512498577174 0.03463955361501298 1.539109677262973
0.12744967527975828 0.0325200333296978 1.5391426059020192
0.12480353358313223 0.030530253601113697 1.539172402181022
0.12221175349274156 0.028662266875760983 1.5391993639633994
0.11967327754222548 0.026908613051620213 1.5392237608069903
0.11718706266212313 0.0252622895292305 1.5392458366504642
0.11475208066531285 0.023716723105013365 1.5392658122453904
0.11236731864072326 0.02226574359368839 1.5392838873579393
0.11003177926616262 0.020903559074058498 1.5393002427619407
0.10774448104936596 0.01962473265833123 1.5393150420429955
0.10550445850553997 0.01842416069126973 1.5393284332314932
0.10331076227875406 0.01729705229111735 1.539340550280708
0.10116245921400357 0.016238910149733894 1.539351514404631
0.09905863238574389 0.015245512514248069 1.539361435288812
0.0969983810877178 0.014312896277154919 1.5393704121862426
0.09498082078996728 0.013437341107025626 1.5393785349091638
0.0930050830656747 0.012615354554916275 1.5393858847266728
0.09107031549257115 0.011843658076740227 1.5393925351770548
0.08917568153267025 0.011119173915228252 1.5393985528029275
0.08732036039165882 0.010439012787805072 1.5394039978165293
0.08550354686250942 0.009800462331420682 1.5394089247017728
0.08372445115377453 0.00920097625695802 1.5394133827590744
0.08198229870752784 0.00863816417045664 1.539417416598384
0.08027633000445522 0.008109782018593121 1.5394210665853485
0.07860580036273142 0.007613723121582792 1.5394243692450453
0.07696997972816007 0.007148009756035111 1.5394273576273303
0.07536815245891366 0.006710785254544817 1.53943006163744
0.0737996171059985 0.00630030659016916 1.539432508335152
0.07226368618957672 0.005914937415706763 1.5394347222054952
0.07075968597293866 0.005553141530035291 1.5394367254037076
0.06928695623390389 0.005213476744989742 1.539438537976899
0.06784485003641232 0.00489458912863258 1.5394401780646236
0.06643273349989368 0.004595207601079063 1.5394416620803775
0.06504998556975691 0.004314138861850679 1.5394430048758263
0.0636959977883886 0.00405026262812661 1.5394442198894118
0.06237017406619164 0.003802527164635584 1.5394453192808202
0.06107193045454396 0.0035699450875830564 1.5394463140526569
0.05980069492083584 0.0033515894257364802 1.539447214160545
0.05855590712474163 0.0031465899226871645 1.5394480286127497
0.05733701819649228 0.0029541295655972537 1.5394487655603222
0.056143490518067274 0.0027734413266471887 1.539449432378669
0.054974797506365254 0.002603805103958434 1.539450035741358
0.05383042340066209 0.0024445448500714337 1.5394505816869033
0.052709863049651653 0.002295025875797339 1.5394510756791946
0.05161262170506035 0.00215465231965432 1.5394515226621772
0.050538214816192924 0.0020228647719417203 1.5394519271093288
0.04948616782761224 0.0018991380442816622 1.5394522930684282
0.04845601598034227 0.0017829790757486925 1.539452624202065
0.04744730411723717 0.0016739249672718056 1.5394529238242927
0.046459586490378256 0.0015715411362068861 1.539453194933796
0.04549242657116651 0.0014754195838109453 1.539453440243901
0.04454539686425704 0.001385177268820348 1.5394536622097306
0.043618078724464646 0.0013004545805425122 1.539453863052774
0.042710062182634775 0.0012209139058868927 1.53945404478312
0.04182094576252716 0.0011462382829955063 1.5394542092195738
0.040950336308796555 0.0010761301379930794 1.5394543580078606
0.040097848823409665 0.001010310099415191 1.5394544926370946
0.03926310629320369 0.0009485158842190983 1.5394546144546832
0.0384457395258819 0.0008905012524069318 1.5394547246798125
0.037645386997946395 0.0008360350262040824 1.5394548244156472
0.03686169468541562 0.0007849001678470415 1.5394549146603735
0.036094315920015996 0.0007368929153163656 1.5394549963171877
0.0353429112273963 0.000691821969590593 1.5394550702033365
0.03460714819574854 0.0006495077332879248 1.5394551370582945
0.03388670131688806 0.0006097815940606741 1.5394551975511668
0.03318125183798901 0.000572485252376598 1.5394552522873854
0.03249048763642945 0.0005374700914840862 1.5394553018147679
0.03181410308863199 0.0005045965853620134 1.539455346628999
0.03115179890713878 0.0004737337412669861 1.5394553871785948
0.03050328203807487 0.0004447585791571393 1.539455423869388
0.029868265520853032 0.0004175556410208383 1.539455457068592
0.02924646835446556 0.0003920165304774084 1.5394554871084756
0.028637615393364468 0.00036803948163958446 1.539455514289687
0.02804143721043306 0.0003455289528957484 1.539455538884265
0.0274576699681043 0.0003243952458573757 1.5394555611383605
0.026886055353962057 0.000304554149789861 1.5394555812746988
0.026326340383856502 0.0002859266030648007 1.539455599494812
0.02577827736733571 0.00026843838083865957 1.5394556159810526
0.025241623765056734 0.0002520197980648561 1.5394556308984202
0.024716142072104125 0.000236605431550282 1.5394556443962129
0.02420159974062512 0.00022213386008581811 1.5394556566095208
0.023697769041658667 0.00020854741866506776 1.539455667660579
0.023204427007501107 0.0001957919699019676 1.5394556776599901
0.022721355297019893 0.00018381668730072288 1.5394556867078315
0.022248340104024884 0.00017257385290814234 1.5394556948946572
0.021785172082161016 0.0001620186676419065 1.5394557023024036
0.02133164627569083 0.00015210907322171197 1.5394557090052094
0.02088756193640857 0.0001428055825279141 1.539455715070159
0.02045272253132826 0.0001340711244135513 1.5394557205579524
0.020026935573356303 0.00012587089426778982 1.5394557255235135
0.01961001263712265 0.00011817221733353869 1.539455730016539
0.019201769231790133 0.00011094441752530524 1.5394557340819963
0.01880202459352277 0.00010415869306168653 1.5394557377605746
0.018410601881803327 0.00009778800650499476 1.5394557410890897
0.018027327804270594 0.00009180697192678503 1.5394557441008547
0.017652032750375073 0.00008619175728230012 1.5394557468260124
0.017284550600983235 0.00008091998758254674 1.539455749291837
0.016924718687134077 0.00007597065629238532 1.5394557515230076
0.016572377811318536 0.00007132404284743916 1.539455753541854
0.01622737197396893 0.00006696163132306313 1.539455755368582
0.015889548474970303 0.00006286603899381304 1.5394557570214737
0.015558757874735176 0.00005902094725251608 1.5394557585170718
0.01523485360973514 0.000055411032916702874 1.5394557598703453
0.014917692464278659 0.00005202191333831415 1.5394557610948376
0.014607134024358426 0.00004884008356871721 1.539455762202804
0.014303040837354746 0.000045852865084691924 1.5394557632053334
0.014005278280350168 0.00004304835453066177 1.5394557641124595
0.013713714508239865 0.00004041537641692425 1.5394557649332614
0.013428220584399221 0.0000379434402316947 1.5394557656759535
0.013148670040516891 0.00003562269522623243 1.5394557663479693
0.012874939351178926 0.00003344389568211055 1.539455766956034
0.012606907131686357 0.00003139835796224888 1.539455767506234
0.012344454903218128 0.000029477932479593774 1.5394557680040752
0.012087466318030975 0.000027674965661414092 1.539455768454541
0.01183582775437887 0.000025982274212370542 1.539455768862139
0.011589427820342437 0.000024393113233252095 1.5394557692309492
0.011348157718659754 0.000022901152046275096 1.539455769564662
0.011111910115034646 0.000021500442328196946 1.5394557698666183
0.01088058099963364 0.00002018540603724228 1.5394557701398393
0.010654067424837028 0.000018950800030653402 1.5394557703870602
0.010432269541180383 0.000017791707112541002 1.5394557706107548
0.01021508913571533 0.00001670350840831767 1.539455770813162
0.010002430155359544 0.000015681868118934212 1.5394557709963075
0.009794198224399588 0.000014722714142342225 1.5394557711620245
0.009590301288227297 0.000013822225122253685 1.5394557713119714
0.009390648976037046 0.00001297681240441476 1.5394557714476491
0.009195153428714022 0.00001218310939765438 1.5394557715704151
0.009003727220757589 0.000011437949853146265 1.5394557716814987
0.008816286320992598 0.000010738367359478432 1.5394557717820112
0.008632747559621186 0.000010081573510307079 1.5394557718729587
0.008453029857543969 9.464951745439695e-6 1.5394557719552513
0.0082770538236239 8.886045476901902e-6 1.5394557720297126
0.008104741189217075 8.342546672178455e-6 1.539455772097088
0.00793601492248565 7.832287450597078e-6 1.5394557721580522
0.007770802104730093 7.353239929145758e-6 1.5394557722132145
0.007609027871888563 6.903490205469739e-6 1.5394557722631277
0.007450622642241718 6.481251747505452e-6 1.5394557723082907
0.007295513679829726 6.084835118564651e-6 1.5394557723491562
0.007143635707559911 5.712669294610947e-6 1.5394557723861324
0.006994918564905093 5.363263971448279e-6 1.53945577241959
0.006849297331923584 5.035229180537196e-6 1.5394557724498639
0.006706706982271949 4.72725663315467e-6 1.5394557724772568
0.006567086441191391 4.4381234759777586e-6 1.5394557725020428
0.006430371719232989 4.166672997727192e-6 1.5394557725244702
0.006296503429015259 3.911825863727656e-6 1.5394557725447633
0.006165421871138991 3.6725657249140955e-6 1.5394557725631253
0.006037070127651036 3.4479411320630605e-6 1.5394557725797398
0.005911387524163434 3.2370504783999855e-6 1.5394557725947735
0.005788325249428114 3.0390647873841207e-6 1.5394557726083762
0.005667823343097032 2.853186073764554e-6 1.5394557726206846
0.005549829954978921 2.6786761365647513e-6 1.5394557726318217
0.005434292797048235 2.5148395470962365e-6 1.539455772641899
0.005321161310799236 2.361024274972858e-6 1.5394557726510172
0.005210385503373645 2.2166174527682948e-6 1.5394557726592677
0.005101912703420808 2.0810391355795148e-6 1.5394557726667333
0.004995703164089683 1.953759279461748e-6 1.539455772673488
0.004891701239237802 1.8342602349301033e-6 1.5394557726796003
0.00478986634045167 1.7220722214142225e-6 1.5394557726851308
0.004690145962854009 1.6167402586053353e-6 1.5394557726901352
0.004592512317265965 1.517861571962754e-6 1.539455772694663
0.004496903879796356 1.4250233831126305e-6 1.53945577269876
0.004403280274948171 1.337858449198544e-6 1.5394557727024676
0.004311611969775669 1.2560304931209424e-6 1.539455772705822
0.004221854600435132 1.1792095639953043e-6 1.5394557727088571
0.0041339602585837455 1.10708270917259e-6 1.5394557727116036
0.004047902926350913 1.0393730292407044e-6 1.5394557727140885
0.003963637786330537 9.758050376632526e-7 1.539455772716337
0.003881121497210959 9.161211107697168e-7 1.5394557727183715
0.0038003130983390787 8.600809158764975e-7 1.5394557727202127
0.0037212070861393533 8.074817090419752e-7 1.5394557727218783
0.0036437390150181573 7.580938335451323e-7 1.5394557727233855
0.0035678841967317727 7.117269737694451e-7 1.5394557727247493
0.0034936018251651257 6.681921864672855e-7 1.5394557727259834
0.0034208667090853185 6.273207215721575e-7 1.5394557727271
0.003349652367340761 5.889526605883695e-7 1.5394557727281104
0.0032799208991100537 5.529314409341412e-7 1.5394557727290246
0.0032116263181970373 5.191061806710656e-7 1.539455772729852
0.003144781856287514 4.873632197260266e-7 1.5394557727306002
0.003079314665352877 4.575550850641664e-7 1.5394557727312774
0.0030152287170056155 4.295779263455705e-7 1.53945577273189
0.002952437893718151 4.032956033255598e-7 1.5394557727324447
0.002890989011229576 3.786347745256074e-7 1.5394557727329463
0.0028307908588203977 3.554712887234714e-7 1.5394557727334004
0.002771857852794116 3.3372907123423614e-7 1.5394557727338112
0.002714149801373237 3.1331603128200295e-7 1.5394557727341829
0.002657669959167431 2.941604744361315e-7 1.539455772734519
0.002602322658161052 2.7616243565125817e-7 1.5394557727348235