0.82776078110806222969690148831617 51.782480203262346438725207427221
0.752897568471036778332464187006275 38.510694297933756650450231066637
0.682890580713845803086198859926716 28.350752188945908974295577076301
0.616810138872209208978686865731547 20.5720797876511873976360864641202
0.553770813147394529961731841011604 14.6307067882691591742393895286217
0.492942575225060398179813995048584 10.121705727556092652373816975158
0.433571703343809117251825106797654 6.7426091874125286046707615769264
0.375016391491022760993009075763983 4.2647806665030799576306245099762
0.316807846949956047193388417270068 2.51065965624022012918281812340211
0.258762132986986524391583850701198 1.3355888794093125825762367387384
0.201202204848268989025768035518916 0.61356616824755184541103570651638
0.14541880842622736996213568186954 0.226909089712001991910513468192743
0.094548731221955840716047063536578 0.061317289357537994527575671437837
0.0544173094637612581929122833227623 0.0115401210914453964415036826146289
0.0307195732501019835950149909111464 0.00205450989880207236413222427139281
0.0212830846025733269665028824655672 0.00067548223161269409650102777465172
0.0189823476827680719590436802975852 0.00047140774368803378442145079573441
0.0197954312956536486250790359114384 0.00052117786961371481177006313979006
0.0225466793324420730554474874735336 0.00074164243236882371890115167088424
0.0272150103330748578212128140742806 0.00123794212645017897905058089966388
0.0342590213802025937879620944646141 0.00230643960227665686207538453730616
0.0443295608372811711829827508600209 0.0045895819242115551851680395171212
0.0580591114872441574666727084505748 0.0093149313496665573319991839704048
0.075906798196791645296009376767678 0.0185119608867891150205051276425234
0.098104695547016694342111659460058 0.035034125320029422880573446548992
0.124695682096614444008383567889297 0.062277393013046828782423721529305
0.155604089843669241054369223610736 0.103660919447598879319286814372375
0.190691233974172980794280276438554 0.162057850061646728239479420953001
0.22978129138747461152159579284801 0.23934823907609208887302462842552
0.272663524518119261800626923654896 0.33617040433886504923391371558852
0.319081848966391111088482819349294 0.45186049744001478050848160098973
0.368720861863883814384654336666016 0.58453021751270662788674070013862
0.42119435326843838604133261959354 0.73123158354296285343358590992456
0.47603979030540444065342147303443 0.88817354703444967119797309311386
0.53272039868588637629680923969634 1.05097090017941861332427566886316
0.59063504195786592588396655164328 1.2149139033336665856613676626225
0.64913497483084428526430749469514 1.3752472233549280082871974389591
0.70754570349077836048745378918884 1.5274427633833726447971802252038
0.76519166115043408465550629312118 1.6674470664004754260369439641974
0.82142123432602905161801328934412 1.7918832838292330499216592101683
0.87562984470204192295798340500814 1.8981913533214713882973875447741
0.92727924018250198412924290444352 1.9846973124105126024281551912682
0.97591177355610752307185889776387 2.0506116878855045972122884102242
1.0211591284548653257570868051646 2.095965429743846616674928435384
1.06274558123003089408144900827782 2.1214981335549248127459205746135
1.10048638508084222785883101396068 2.1285164113569299115213683433355
1.13428218996911370948146926785184 2.1187402445277185617042103793754
1.16411056540749976826978751890624 2.0941526736082310241720703136479
1.19001569832030356803334435255366 2.0568642683080893410978162422725
1.21209723435021681172486173420037 2.0089994795717880813188169678913
1.23049906172958287656435336338609 1.9526079829795605268289833213607
1.24539864110424477065479276214052 1.8896009448628601830511799415194
1.25699729172247945826083925104106 1.8217099489273733084711561065301
1.26551167109478850941255388177339 1.7504650574614438187477590564229
1.27116656502749771185764475182905 1.6771880748722881965874039240189
1.27418893068818531967648579594753 1.6029968612342823085683181262891
1.27480317051364499545197556729945 1.5288174187692701512121636309442
1.27322798767738279042394598115564 1.4554024067342931350636821253128
1.26967275778978272219243909856397 1.3833469433434888987450917752584
1.26433577143320465228156229833854 1.313109396824872288153932769663
1.25740739331625829002497412688979 1.2450442043331124487221395552658
1.24905863374783885748561027846626 1.1793869837569595611480545377197
1.23947941773922482314705939156097 1.1163799919014521665660593814334
1.22870925980418290074721248279004 1.0558303366904170925134045788144
1.217098345972783499105606449314 0.99833933864505226314908277982
1.20442588813346579245359873218528 0.9430545991070628724106542354155
1.19120001712318664629241830024494 0.8909022193971826694873977621859
1.17767668321551068674608632271431 0.842100699404580539191438216048
1.16355896779837188087909536141024 0.7956849787808882840759284435848
1.14835206711192372146694878661207 0.7504551292472265900609205376067
1.13147807081118080307587381244439 0.7052630514981131564302844956201
1.11994174893748041704579787495063 0.672760843968700918979218598294
1.09715269931519048725546728162454 0.622941948718834624821670981595
1.08587427588804161997465245500302 0.5954309884916862290669834559267
1.05863839337091574748612919124455 0.5445318949480556732787984883736
1.06104380751494245441556725579361 0.5415991921734339894595255640431
1.04361956716152801344088289665134 0.5095460500857172470288807263509
1.01778497260794148847371962054354 0.4676896030611954091023328389234
1.02932449702430342853567694838706 0.4790802676463612729407237527722
0.98526114865488858895481362762252 0.41636354768282352190683729115128
0.99321912673827924083606779643321 0.42296541871378673953778848911504
0.91569442726301586207852620250587 0.3288787698827197243600446280713
0.93978254813179020577584762759654 0.35295990061919692344068542780411
0.92391907835349066212269110306083 0.33314343735616430044648660762721
0.90819126310201380822090984313229 0.314454953653425673815285825446
0.89261177389694189260330889183132 0.29682946206372773029293172770024
0.87719168448106790902616260839632 0.28020570558349650960815697524986
0.86194029807871791466080198855965 0.26452566699021606391273760710018
0.84686559785532177601935186162863 0.2497347145967917339763867170512
0.83197485890497882423247203290546 0.23578182872601540244285012230813
0.81727337256375776056285689114385 0.22261820498509562893404176925488
0.80276614699443211911093965035958 0.21019848493269314202335753603957
0.78845751364302017194088728894833 0.19848011120202978806187311352376
0.77434991570433393702771932604148 0.18742220173033026981950448635694
0.76044608534327286632881988699964 0.1769870241933681535909046458567
0.74674785709641240194535193471839 0.16713886851855238752956508620973
0.73325629632454454320570557468937 0.15784399149679461452917588633417
0.7199720808347410510843260661482 0.14907071625031800216006653611564
0.70689604521721522405794333617178 0.14078959076661510682057420047193
0.69402745412302043862961158984779 0.13297218595967498203617854932126
0.68136607148493264177764290611747 0.12559224264725088028091128090472
0.66891100053557260083754086739418 0.11862483903449661208437860159381
0.65666176713319545234458094214908 0.11204687049309836406825069088406
0.64461634375512784523293583146496 0.10583590412206817827704680000476
0.63277351068771855056798601444718 0.0999713279009465206920931218578
0.62113181712247356296155539184416 0.09443369098267478078356351277547
0.60968904508986174552363248973175 0.08920439147753561488489041135571
0.59844374005141655792953571789797 0.08426629761159860757593220567312
0.58739294810740344084138152274111 0.07960268216787419254144191587417
0.57653531852810122573700741216793 0.07519847852101199078622236148153
0.56586784923482706713629231696169 0.0710388628428033436533624651321
0.55538821988836805011595073603319 0.06711015762222086016431945164884
0.5450945951798278881113748310126 0.06339965429913342861742183599953
0.53498390590507425345627953460996 0.05989495068963005429766062384167
0.52505385284588752156022588914195 0.05658462970913463290738704299662
0.51530165959245055926199863631254 0.05345777601256471475785146016281
0.5057251312757288328455039515804 0.05050427968301823708152419734887
0.4963211146043229977255269138287 0.04771431946593407734756331560028
0.48708719294800230510715995524807 0.04507885042729971800544543454872
0.47802060055439290756228133357201 0.042589239733764935168035833936187
0.46911891371370856010596551350217 0.040237431571660435391113699995805
0.46037947747815069056121193119113 0.038015759266938601274172349374334
0.45179984568222855958287636376183 0.035917034756970853136764155385488
0.44337694162081682743149268289429 0.033934321455078551959357342975741
0.43510835466050388077556462362829 0.032061225089151143980485621841382
0.42699128245649893344230084583529 0.030291617902743414761021679956599
0.41902374530758209164948486354649 0.028619883319594791138420401503885
0.41120277198004337553923649530404 0.027040507091642475923508699833822
0.40352605110670325064256268988099 0.025548411350389236475742306031985
0.39599088961825766045840092694198 0.02413872305979739692355100141922
0.38859491416825792776092802514695 0.022806895575690261764606385822876
0.38133577908565705863604535947642 0.021548633660170850749013389818094
0.37421095704109076889970140942058 0.020359845104558976593620073103332
0.36721804013832132227192371854397 0.019236681055085891499121708560745
0.36035490785531556459873780871583 0.018175545732273262238843176056308
0.3536189742258795002046730880511 0.017172967421313731657807984372694
0.34700816226196083686984451313015 0.016225737737797564137747482484377
0.34052016060157619777263648482458 0.015330787543427505138622212891119
0.3341527392427906344100923958779 0.014485225032105268205535314766086
0.32790374919672310822696061876566 0.013686324895883966387316729788547
0.32177103283640103538682214939265 0.01293150742459675584829003026339
0.31575249844418519522441053643715 0.012218339718277900818135965712662
0.30984605074887441118768062271653 0.011544519249214387359150618877815
0.30404962691218899773909641746342 0.010907871036512117174479738638929
0.29836126723432014441362125719559 0.010306347893394170805104633562712
0.29277895531563313533298544902101 0.0097380064376624819039363548963
0.28730074292371292687843721736093 0.009201014535992311017466035511629
0.28192475442950048001239563651117 0.008693645096254179229784203016542
0.27664908520203302578734641979469 0.008214260728192332120851439188234
0.27147189379003661931024671998929 0.007761317429158349084712154053871
0.26639135662968440805843320400395 0.007333355331814495700906427787271
0.26140568797875807808753429013375 0.006928995804741948375512857069683
0.25651315180806036878617799309479 0.006546937819220268608346945283942
0.25171201684966550092525960815327 0.006185950177613513020921314729439
0.247000585904426040556203626599 0.00584487001085459986333649798495
0.24237719925334747441387969256894 0.005522599217955424107571714673788
0.23784022871522409095909825279904 0.005218100447954716535865670924243
0.23338805884719766051666112467052 0.004930392557212731627252982565645
0.22901913183620649922745824875565 0.004658550402192711543733390196416
0.22473189214428552685845665966788 0.0044016982806751667532520245443765
0.22052482883885650570968343418426 0.004159009822145147700517826472634
0.21639643825457829533019480259337 0.003929703123588040063861963098063
0.21234525950165150597460667190587 0.0037130403226250865154544577122506
0.20836984843948337211989909699333 0.0035083237594235149977698176978626
0.2044688133778255166303950847199 0.0033148955784758710391153674992746
0.20064076850911858728992265800069 0.0031321332004980146554942539832547
0.19688433209480541894324776848241 0.0029594474379416116616054530231784
0.19319817825534635835240544275092 0.0027962830428277558683178790361812
0.18958099854574781161897074087433 0.0026421150630879783175582236008737
0.18603149885542784398250141079686 0.0024964471025464289687170642341069
0.18254842743817043702988749854833 0.0023588108986729213959681788547496
0.17913053878374953972093387104703 0.0022287633401680489382191430199241
0.1757766197766841906115232651696 0.0021058861187080475275689618553919
0.17248546355694545486625792947632 0.0019897834233844330507466872130369
0.16925591103248278886070503502109 0.0018800821695313880807183507844202
0.16608680285525965717782600363218 0.0017764291021784121982251726583085
0.16297701916830129622788082172759 0.0016784910360686115325937194479591
0.15992543871505738903538247537316 0.0015859524682856267329678249021533
0.15693098834003684034286978961397 0.0014985161196573688523101606503336
0.15399257520874505038690385358459 0.0014158999649276623488958169416966
0.15110918885174325147179919714842 0.0013378392569490051186179958414207
0.14827977034129630233951237084337 0.001264082016528145420925482499999
0.1455033140988477552105301704792 0.0011943910759555515077571158390378
0.14277884755973055987317112266516 0.0011285426737912861521332044562742
0.14010537523991761881022180914765 0.0010663244026275824428077043377093
0.13748196287956658489102774537871 0.0010075365656508951428331360584544
0.13490765584060265712274371826939 0.0009519896285191059250959408764526
0.13238154995365577078370290949168 0.0008995052173966235981916922098961
0.129902735423741006248667399340216 0.0008499143187717757532160712733335