1.20257576130734651696428821841154 163.988156922346739916240056166266
1.10608021785820527356323810699584 126.828009332147204361295164195351
1.01891949772914821974637918319831 98.451359320881389054824374419978
0.9402202113293424388170608354155 76.726837799894995235742814429092
0.86919627527085633941567555743958 60.050636665842341896428730758207
0.805142250904526995715546214877886 47.214234900539125779573406261921
0.747427697101574408839146744139863 37.305593786873551306702515558273
0.695492386674411447919294372535076 29.635286856243718883120770786363
0.648842159643721761624278555253712 23.6812171490109524014923719533152
0.607045088561493759834057666219349 19.0472001253074720329904722003773
0.569727524363917110008124890384791 15.431899685839128596435061453038
0.536569502899599245764538864642959 12.6055042406102631144191043159057
0.507298965705216058011555955919853 10.3921986625166497521713922077319
0.481684338760209769365112064121371 8.6569846953017988475197596873956
0.459525269430008965008566422981973 7.2957702616931536549163735019214
0.440641756548985865525453481703694 6.2279196029053147251063889975432
0.424862456954152014286708012680534 5.3906560791774980286613486481495
0.41201345344048132203118461845086 4.7348570888212526137869624925449
0.40190900505118602573779554666915 4.2218909626010711950527011740276
0.39434559850441099055254003195958 3.8212300990998218470354535841071
0.389099978462547225408712261764855 3.5086406458719180542322974145738
0.385930970169302774167459119814103 3.2648011512098010038392843131816
0.384584155911277542011766706785536 3.0742430659439980242964056042854
0.384798094036403152474422463344909 2.924536083392440466587552107617
0.386310837100396864125228538910228 2.8056624623844884880129465088337
0.38886587538234434022526421931451 2.7095385269849600285650234456212
0.39221708390635730923781093766455 2.6296505758793797580074559016038
0.396132610886265782866387923084538 2.5607784106209746594034517034795
0.400397841262673952778184844040621 2.4987840975942705391840551497137
0.404817616979803270149668050919867 2.4404473630560195104798591096901
0.409217854523078584583780940636468 2.3833326550547351274882835539889
0.413446630512760092788851313794903 2.3256765097325742679954718521087
0.417374749119314288140288843443753 2.266287331137997957526022119767
0.420895778884482595824537950565567 2.2044528277957806126274593491049
0.423925551493572329695981220769728 2.1398529337401223525331378979187
0.426401141455483139281814605744797 2.072477928972424325868270702358
0.428279380738637435361948249181717 2.0025526206194865677477742606845
0.429534994915278714342836471831982 1.9304679146746149737862066792247
0.430158469826740527057707616998535 1.8567210445657996987274689910605
0.430153766990687548773287271069041 1.7818653132032322057325175596066
0.429536002281293204305248404833813 1.7064696348651598833309023116738
0.428329188517100066830129616239822 1.63108758484862582374677686418615
0.42656412223108346842962863634132 1.5562351816548809185889387118173
0.424276471839210179377798895268719 1.48237629131712806266294896379926
0.421505101795336181034806963465863 1.4099143669461551472870990294177
0.418290647301495831358232498168806 1.33918920053997441523156294475925
0.414674337952436930283798649548871 1.27047743543459869697323752986084
0.410697056731715526893293894311568 1.20399572923620775607310945896385
0.406398612855970946859289470332635 1.13990563474444959287705479466761
0.401817202534987079847087301870448 1.07831945337744478901703341442628
0.396989030067903803187166474221637 1.01930649325186588840744035617323
0.391948062090216983831999788356441 0.96289932110710143201348825562509
0.386725889557348098055754088372509 0.9090997285373759153764482259364
0.381351674638682082580509616659764 0.85788423757890172232728362474239
0.375852162671186262880859667209827 0.80920905040971824601200376015746
0.370251742372555579576315810862968 0.76301440601562636438415818959328
0.364572540434059985069448905377829 0.71922834697768791086374841225138
0.358834539276775188181480992732029 0.67776992581332181708551530133719
0.353055709098538399118610154231941 0.63855189596437711191346738428811
0.347252147345305617258548230087888 0.60148294047218921460101277035014
0.341438220413923119433187544124806 0.56646949391696600371972653502851
0.335626703764451979866723768393089 0.53341721216657760426543903545952
0.32982891772044898840393979391224 0.50223214121347333157779081229854
0.324054857103749906230145710025132 0.47282163186638305480940405878996
0.318313313523777077362493460955937 0.44509504199237827873465855751362
0.312611989654248551987236310050507 0.41896426283223446610626694716189
0.306957605212983385473487656786658 0.39434410092989324359041023176621
0.301355994639648826400134083022788 0.3711525425971176524738124182224
0.295812196664988949608084405103818 0.34931092366864485670002036993185
0.290330536099384368670619194615507 0.32874402361362116468544414930126
0.284914698256086675663206204992836 0.30938009986181079478004375556554
0.279567796475373061764629672247077 0.29115087544379788548169581697442
0.274292433239598273698504071201586 0.27399149069482686555912282623484
0.269090755374831041978129630218325 0.25784042779357097845927152006651
0.263964503824987631953392158371875 0.24263941524425707903403701828921
0.25891505846713337050084743893789 0.22833331803184833301229880911966
0.253943478412426484668052139457245 0.21487001803586600610094666994992
0.249050538209220896682345390981945 0.20220028834570775950905855611373
0.244236760336063493981776076995792 0.19027766434991739252667149216685
0.239502444342160155473415222118048 0.1790583138408244677688448599984
0.23484769296346023431231435579648 0.16850090786401965286432424386315
0.230272435514393226107718243265432 0.15856649362849386526000583699554
0.225776448828105058141392661899134 0.14921837045903355013691444590447
0.22135937599287336034053218594385 0.140421969505299352819430692864834
0.217020743108825057161571253435217 0.13214473770864346032724977392633
0.21275997426751847435337560110544 0.124356026358904036869266128213276
0.208576404936720773902501839901975 0.117026984439690670151550341074071
0.204469293915128987139284913613929 0.110130456857817860668449317261345
0.20043783400450865037407401408346 0.103640887570768865040342691439465
0.19648116153240515942065443835822 0.097534227565880959155257551031125
0.19259836484468905443629747949342 0.091787847598101533324140280802773
0.188788491874923872526250475973317 0.086380455559139468373708902776768
0.185050556886896586246612066951705 0.081292018327043361299805580747971
0.181383546476027511561703241647246 0.07650368792756457779713369184677
0.177786424907491454027751135784495 0.071997731829493350044515762192694
0.174258138859690754407866633303101 0.067757467188610427629062082946629
0.170797621635680270055326423305029 0.063767198854187308155067784180904
0.167403796897655398933725383572591 0.060012160951178228645608741342723
0.16407558197489657544467605609408 0.056478461855213451073417459798603
0.160811890789263301208061034531529 0.053153032380432724322128055993607
0.157611636438716553777488769965677 0.050023577006766921502782018077319
0.154473733474576641518518611487235 0.047078527978742012174399161455763
0.151397099904570803870926173711548 0.044307002114710889706270489818485
0.148380658950794158566336311583776 0.041698760172814463621055460244014
0.145423340587967530408604121943926 0.039244168626453255177447152574052
0.142524082885479547798475794235992 0.036934163709987769585757701257352
0.139681833174253845741379171606555 0.034760217602390421283226528530781
0.136895549055985169841277527381109 0.032714306622530396412742620442974
0.1341641992729698494681878850525 0.030788881318628846098165975242818
0.131486764452082235534179460750716 0.028976838338673078263539504730451
0.128862237737084198294261800495634 0.027271493976605469063929797077893
0.126289625321413889570575311254998 0.025666559294571115810711544728571
0.123767946891580771948891429671378 0.024156116726798737830280931020844
0.12129623599141209040593483460209 0.022734598076998443225441821765068
0.118873540315789616472380600417599 0.021396763825920296441335717617703
0.116498921941642873409206773415755 0.020137683670668248810697795918693
0.114171457502167737623164170467851 0.018952718221532644398307967628707
0.111890238313007064090801885621238 0.017837501788336967431499277199598
0.109654370453234795635636212500663 0.016787926189631905185199915560885
0.107462974807565656785474530636829 0.015800125524257092531878981192812
0.105315187074811655891261459752715 0.014870461847878690577607034022244
0.103210157745167635534440391141946 0.0139955116997082490752159992034432
0.10114705205133463336867803524825 0.0131720534291829628674098577516959
0.099125049895249176193657648244457 0.0123970552741894505062630938866611
0.097143345756127035278118173373541 0.0116676641470243371955226241479035
0.095201148577594176242171728140297 0.0109811950840123015377452911052507
0.093297681642622098684847879809631 0.0103351213215391285467084893778213
0.091432182431914549041375838614106 0.009727064958829389190826459023922
0.089603902472032542989675669812462 0.009154788174078844368480283254273
0.087812107174118650260947202606166 0.0086161849606449824286639567319496
0.086056075662051869453540208486051 0.0081092733515508243188184342556284
0.084335100595937984089100753737362 0.0076321881046277241039034990504352
0.082648487987567530287285467216181 0.0071831738195666767763875140982659
0.080995557012770435978901046471273 0.0067605784623071176268610043311226
0.079375639816996239453626343138238 0.0063628472713591120090961058547821
0.077788081321616939803270290051083 0.0059885170250788605254183549952097
0.076232239024837673519561849587326 0.0056362106467590011032968607636819
0.074707482802228424274127330861962 0.005304632128584317712054090669435
0.073213194705149653620041443649073 0.0049925617550142180300740069965173
0.071748768759891515074480220478545 0.004698851608350408714924190490745
0.070313610766958260619380650775563 0.0044224213395268235631269906834873
0.068907138097695473733892763570371 0.004162254187832031645539060205063
0.06752877949588233626924665012644 0.0039173932362187111105013798139407
0.066177974877272291516867227040306 0.0036869378868686082477890323074394
0.064854175129426216970527767511295 0.0034700405444394012796707805824115
0.063556841918215805937569942847547 0.0032659034956944814112494312193685
0.062285447489179629190360215428702 0.0030737759719506782989399836549838
0.061039474478275375323669985232223 0.0028929513858180957796367859295935
0.059818415717000637836833530876154 0.0027227647296221723375477414031128
0.058621774043965419788651841446886 0.0025625901277691211548628996180198
0.057449062121360872473298951117108 0.0024118385336256492979026911870643
0.05629980224697443967776530741713 0.0022699555611721032237911708038604
0.055173526174748333113525003699052 0.0021364194451665649942270819341556
0.054069774932097349550100921188857 0.0020107391207544881201408016730209
0.052988098647551621566411431975998 0.0018924524170734751042300907197042
0.051928056376599644764590618243963 0.0017811243566910981251257668213406
0.050889215929093900137859388251087 0.0016763455550740692398074560873288
0.049871153693003930123063334478034 0.0015777307137184674115094026015558
0.048873454486792722350247386268883 0.0014849172044905246089586346385223
0.047895711379147430123329445580932 0.00139756373390889835501270969794279
0.046937525537380276722120112197712 0.00131534908852124132238301499640325
0.045998506066373849324531525784875 0.00123797095301349883641712285744239
0.045078269853655954569165149997066 0.00116514479820568759137000305757821
0.044176441423879342637022127503613 0.0010966028349991994952086140650939
0.043292652775415964352876244831648 0.0010320930283315708665940636594636
0.042426543249459416866118751238996 0.0009713781713983872551790488943487
0.0415777593784602071017487283753585 0.00091423501262005992982072151683348
0.0407459547366025779314965249515187 0.0008604534340450579558049240666534
0.0399307898137972921286340807252132 0.00080983567946765834249582637908769
0.0391319318819712840626103804350643 0.00076219562722298925046060386295779
0.0383490548410664555477722437621798 0.0007173581044708222934350107667423
0.0375818391084621863443944608272797 0.00067515824424388587508663089968159
0.0368299714802790093699144067631132 0.00063544087853834954507527413105487
0.0360931450014758055287922003787696 0.00059805996752915395520503009599642
0.0353710588592245849103167036511733 0.00056287806339794954561366341685149
0.0346634182365529872411859251321213 0.00052976580362808503919366948859453
0.0339699342135342433223237509214127 0.00049860143631473392768047248473379
0.0332903236414389309347224812525878 0.0004692703719963986467517725997053
0.0326243090264691437705805752866502 0.00044166476222426654316979729362906
0.0319716184205471515181732809638328 0.00041568310312637687480180412043877
0.0313319853234417058447457920356124 0.00039122986261515815712121497263717
0.0307051485305352696239956417382252 0.00036821512741243461019641785919143
0.0300908521057317824952848610478772 0.00034655427538178795707897808077541
0.0294888451655930440078983611238099 0.00032616766030491865424258864824496
0.0288988819061329848373931201637294 0.00030698032355568120033727038161319
0.028320721417611386307732533325458 0.00028892171542830406373772289485287
0.0277541275548775140248585366537051 0.00027192543492722336412545098902664
0.0271988689541853050315068518769417 0.00025592898910464714805115099562389
0.0266547188915325429717057885662025 0.00024087356162084982249908364963173