1.17947734022237387413356460019882 154.519255582820595833022919642227
1.08482217138868701862434070928326 119.471966487523487640579463536199
0.99931012974702501157417670488548 92.708075367278521168698541244435
0.92208305757290995356006851201214 72.217740676030785029447519695319
0.8523687240774385529117774489432 56.488670650939756848422218964548
0.789474591644343525533085879592955 44.381375842776719688023159935663
0.732782665334466724543315690134307 35.035982423031436124902613599706
0.681745271572088869904290612106265 27.80255738686404662511038344101
0.635881517794023924080200807263199 22.1889596454062912261642018725222
0.594774061392146657184770807000115 17.8217648168292137670898790470657
0.558065677955166062434319437348929 14.4169525778442168870282289464945
0.525454998109125670790597179243827 11.7578944830487482549956599192523
0.49669073391264607181655875167821 9.678811524788032741991505889554
0.471563812764473311837142529577929 8.0523391852275119758307032230489
0.449897149197754158005732391044654 6.7801839233103301541407676126248
0.431533335738650246362793339995894 5.7861095109639224107183668720596
0.41632124193226655500965900713299 5.0106780616096168879287036510118
0.404103158772589854467533495543863 4.4073078253112534321820745708254
0.394704412278964532362164952406121 3.9393128185107229289306506106397
0.387927062231886707397011373703724 3.5776692516742673520307129056451
0.383548418114108758078941786783782 3.2993176648581247920661366734814
0.381323967887745631644220852258645 3.0858612185450503082013176095394
0.380993395048481251426970674952544 2.9225609085934240192282314233366
0.382287991519558169527052780883166 2.797558119793710043691005533346
0.384937985852988948823111412819369 2.7012750357851356127145537087614
0.38867886329666064755913932099112 2.6259559979509242433053115364454
0.393256350003171191622843229583794 2.5653203809428654258031543193118
0.398430157140671305623399176689094 2.5143021374761703182597414649437
0.40397677019031177492085506224655 2.4688544744861765109957892382412
0.409691571396118817502365765905338 2.4258011226275612800139052617692
0.415390486973582482939363893460536 2.3827187955299550758421607691305
0.420911233823550530036549117702695 2.3378387892375204763894090447868
0.426114151714462827974134760878493 2.2899591088186164849717117267106
0.430882564739429968805885942377882 2.2383617785126189459393810266785
0.435122617713086193399685069260744 2.1827328241368379749267320140546
0.438762565401282325862497898167762 2.1230845981861149166138570475077
0.441751538421975921713070751529508 2.0596815419442120582483157156509
0.44405785479239568478850716905718 1.9929711602088868913083870765596
0.445666980521175927651367426048005 1.9235220426676151579549199694133
0.446579261595867974610717608112287 1.8519703855924857263998285451601
0.446807552825594422756696196165899 1.7789758494869188078897186339886
0.446374858890151434921675950729603 1.7051869107955180164435756138849
0.445312083762205161956076210805983 1.6312152597137300880761390972399
0.443655960815878717711127299781772 1.55761833752283264228649816054981
0.44144721124084152504454583817511 1.48488882241466192676742591125155
0.438728955660767275402011019258896 1.41344975276563667577369473430064
0.435545384828305962784142013007265 1.34365399022166575796283051816807
0.431940680676536331875088733185377 1.27578683225858333937775308764883
0.427958168855024208497273747630231 1.2100707465483381441202905916219
0.423639677698692103996333916222871 1.14667138531998345987256117923428
0.419025075655942915162721700422452 1.08570422328228867315427248759079
0.414151958746566862054440685609727 1.02724133224314672895609840973006
0.409055460891639483629492179314737 0.97131795117047302269594042876452
0.403768162311465973558726680274712 0.91793862911917022404848349004531
0.398320074124541584319914697813598 0.86708281089170865204419226484942
0.392738680418566250407906231663328 0.81870980415318098145381967407097
0.387049022150965915584045468171579 0.77276311569623181585403203440551
0.381273810105743015507090405012677 0.72917417751356500089949797136437
0.375433556695670135943657267144475 0.68786550393766154458550108579698
0.369546718617357964911680218605267 0.64875333253847844511490344457926
0.363629844238842983591744908975484 0.61174980635359950141663592621418
0.357697721147407033389806607884136 0.57676475545242453541161740410156
0.351763520537233804514274152423721 0.54370713336733181694663079126531
0.345838936116018623723323654701468 0.51248615976152269831402843232716
0.339934315990494784568516845563797 0.48301221565060804278029693398876
0.334058786592264955365721349854722 0.45519753213826093447794118564931
0.328220368159834509672780012274999 0.42895670833593170289205273118752
0.322426081628499637062407744764262 0.40420708914019973583631328664972
0.316682047023634232355851129349994 0.38086902897669045600355621051477
0.310993573621428498423119073082267 0.35886606352872490126656848585343
0.305365242255666401122615248336259 0.33812500788307311291687705991682
0.299800980220122784789856822265611 0.31857599641418962152226654672517
0.294304129253986565276853293666362 0.30015247705807834548175655612634
0.288877507115086475557792102915604 0.28279117036890068191327908612207
0.283523463243208241876331308690766 0.26643200183891834174369341273644
0.278243929003172633754250252366181 0.25101801436647271519352670547701
0.273040462976656663276123185897556 0.236495266427746330621110821025
0.267914291746126455093075428317928 0.22281272040768718482398168681544
0.262866346584973189972727709989724 0.2099221246365093594878599432885
0.257897296438827816791640213196538 0.19777789193584323004860189688814
0.253007577552662932065525718015629 0.18633697686924605896361324249924
0.248197420068894641958211025560498 0.17555875339670087892174386326583
0.243466871893904057905814813277608 0.1654048942323807891796157309194
0.238815820103395039865170856174735 0.15583925288038067055821888168203
0.23424401013209608308630294532948 0.14682774906323146867949763644522
0.229751062970535401995189134811093 0.13833825805092605035592481522976
0.225336490569750250148996016055798 0.130340504231932366556577768369783
0.220999709635662890406703925880387 0.122805959138160184171977112795523
0.216740053976579854226711632233072 0.115707744032897150638027185234824
0.212556785551435781063235414672423 0.109020537092158961244149972323578
0.208449104351084957728580654681058 0.102720485148072501611979493244138
0.204416157232381085181091910553554 0.096785119918131790900439264902814
0.200457045811762855567311941671843 0.091193278608487360154201672884946
0.196570833514965242816300229803113 0.085925028755992168702617387182596
0.19275655186942121541286377619569 0.080961597156135592188749721469544
0.189013206116604491095744766307922 0.076285302712161641546092264852759
0.185339780214733853522514975990306 0.071879493035593176106993427733498
0.181735241293825960539285478290879 0.067728484623728658424276536166016
0.178198543619877175663437325850471 0.063817506441078912816344239645352
0.174728632117873451011211056547068 0.060132646732113189352980757617603
0.171324445500076094130714228054714 0.056660802898422254719207041213662
0.167984919038892724590287497980016 0.05338963427535428217436760826121
0.164708987022149528983966772389441 0.05030751765162271350617869551438
0.161495584922540877486421179698043 0.047403505379038163776112670706669
0.158343651311171626355720342174157 0.044667285927530986643996831444859
0.155252129541803438641879157332436 0.04208914674687017902482416870206
0.152219969228943169242315140128184 0.039659939302512735544369092425017
0.149246127541702330833364258295525 0.037371046160727020865801239667267
0.146329570332287691162919688889883 0.035214350003854937503619878923718
0.143469273116263921953978763342423 0.033182204463172376675182901355187
0.140664221920349178804539474802936 0.031267406663223007424881731683279
0.137913414011268687103126999786427 0.029463171376932078945294580607015
0.13521585851851387168451190042124 0.027763106697015705841438909406383
0.132570576961728628047848646258206 0.026161191134037166059510892838471
0.129976603693711826197600421759194 0.024651752057520071255930479250447
0.127432986266760147406696081783281 0.023229445400029716065184973272513
0.12493878573156699996218610822015 0.021889236550290322173934000584594
0.122493076876136879845280053501445 0.020626382365133585247515650259856
0.120094948409798238012251778389023 0.019436414233415096925707230271655
0.117743503099820938561911782295664 0.01831512213063316553565972390554
0.115437857865728646970133913010498 0.017258539605606827912130828712227
0.11317714383503525664920597227627 0.016262929643736520250635120436028
0.110960506365437775084077113728642 0.015324771355535344810345310581015
0.10878710503762929861150316639358 0.014440747441917909291516742553943
0.106656113622018223224201862501622 0.013607732390409537834872821571537
0.104566720020936212080189199109561 0.0128227813586939274345177393297506
0.102518126192089740814547403749658 0.0120831197062465840808458797547216
0.100509548053134493860869287768894 0.0113861331349601696314434510784582
0.098540215371042806112437558290809 0.01072935840355845115048894265067
0.096609371637312407461065510080778 0.010110474581811269843961888673388
0.094716273931785271905195749594456 0.0095272948132450978525377596529447
0.092860192776783233095941346078804 0.0089777585565700732417003014943243
0.091040411980554518703398831228702 0.0084599242770976587832994010135678
0.089256228476347702886748207694118 0.0079719625633048105985137417241873
0.087506952151580776619012640427878 0.0075121496417986716978044543182784
0.085791905674783021761842424664656 0.0070788612692754745148918266139714
0.084110424318301970269556391055896 0.0066705669786121193665889495023808
0.082461855773495919811465853833942 0.0062858246575054606954541469330056
0.080845559967510633826607940594725 0.005923275442323744096190502462558
0.079260908877715015431886812245109 0.0055816389076315537617245483471848
0.077707286342043424595151619620252 0.0052597085337240425996265864392543
0.076184087869880904287462819491269 0.0049563474369214339163201583292409
0.074690720453192662744047918684842 0.0046704843471372106607155530950538
0.07322660237719869930121469928602 0.0044011098181225893263890555274371
0.071791163028448526877410475515779 0.0041472726564561345506236600580999
0.070383842709521506924141793043988 0.0039080765581717175803588465371053
0.069004092449153427981954827037612 0.0036826769389147610529089828167029
0.067651373816037851717998315389472 0.0034702779478306764063689293132888
0.066325158735347999915156485757102 0.0032701296542693320801843595954178
0.06502492929917556167335506752542 0.0030815253959684669754473965959287
0.063750177591963357493826513028352 0.002903799282454673074320684875734
0.06250040550801729379394277021311 0.0027363238412388129311091776620062
0.061275124568808655733093181637571 0.0025785077997889487650861939254426
0.060073855755237231281896228159564 0.0024297939973020532175697979910996
0.058896129327536639436731866524689 0.0022896574152205456121196559442718
0.057741484652897578879660371322865 0.0021576033222466702095794808302311
0.056609470046931571730973837845461 0.0020331655277394350747806620231958
0.055499642590735487836757096635106 0.0019159047329925539817148138810602
0.054411567983247941957098694664907 0.0018054069812861594545633523488595
0.053344820364045094294084739151291 0.0017012821940617785106827633523553
0.052298982169353402280570953153906 0.0016031627947000755892690518988928
0.051273643962269921904112799916465 0.0015107024089881133314933882071029
0.050268404283840994435450161335604 0.0014235746423687254249827208515802
0.049282869509843337719772231115681 0.00134147192794232546780581541022379
0.048316653675754344583708222270433 0.0012641044381421252598589754569854
0.04736937837035593880430929455137 0.001191199064572408534058371450089
0.046440672549976024177967172545441 0.00112249845023629671868973560154146
0.045530172424291275301981590713719 0.00105776008297464722768902529243925
0.044637521297791293551952887962501 0.00099675543773113104793987158913804
0.043762369465148469235201548611327 0.00093926917185866044467534696414363
0.04290437404057081258273615144685 0.00088509836225062269365210800212056
0.042063198832562846532860742847011 0.00083405178945715214290244971458544
0.041238514244143223218813521218014 0.00078594926434509140315173067835467
0.0404299971183812524712284556193306 0.00074062099016861532672890044968705
0.0396373305932191370268271111757023 0.00069790696208940561802417833523377
0.0388602040451900623050323909605815 0.00065765640592134701476396288800566
0.0380983128998364716405988916314614 0.00061972724203348129128982892081181
0.0373513585653664220100980159426267 0.0005839855864725239997559753144635
0.0366190482654960425656472697054533 0.0005503052757789336650916907735
0.0359010949710839375224878449627239 0.00051856742381992922002248927837031
0.0351972172987987748958254023420054 0.00048866000236603316336550862914237
0.034507139325211046311753825920344 0.00046047744232609739853901896714637
0.033830590587195857731646026992476 0.00043392026562377811914278222440345
0.0331673058377357120732305058034205 0.00040889472843693416168618549194452
0.0325170250989057346681104039071055 0.00038531249643548705466933982372059
0.031879493469175891736364268396713 0.00036309032928176861321417695014878
0.0312544610119507549710622705799464 0.00034214978651205365827049048919822
0.0306416826902553058398728208616417 0.00032241695184255785734309791926481
0.0300409183186774551952330785532985 0.00030382217365563397024290944773793