0.01 1.0007104196238004
0.02 1.0013542927252166
0.03 1.0019316947630657
0.04 1.0024426527521422
0.05 1.0028871454775297
0.060000000000000005 1.00326510357968
0.06999999999999999 1.0035764095113187
0.08 1.0038208973666598
0.09 1.0039983525828047
0.09999999999999999 1.004108511512579
0.11 1.0041510608674453
0.12 1.0041256370285276
0.13 1.0040318252231573
0.14 1.0038691585637187
0.15000000000000002 1.0036371169449505
0.16 1.003335125795188
0.17 1.0029625546763696
0.18000000000000002 1.002518715726942
0.19 1.002002861941073
0.2 1.001414185276851
0.21000000000000002 1.0007518145853784
0.22 1.0000148133518707
0.23 0.9992021772390467
0.24000000000000002 0.9983128314222426
0.25 0.9973456277048052
0.26 0.9962993414013954
0.27 0.9951726679759273
0.28 0.9939642194199008
0.29000000000000004 0.992672520355953
0.3 0.9912960038504961
0.31 0.9898330069183854
0.32 0.988281765701692
0.33 0.9866404103038292
0.34 0.9849069592595899
0.35000000000000003 0.9830793136210895
0.36000000000000004 0.9811552506392731
0.37 0.9791324170205778
0.38 0.9770083217386474
0.39 0.9747803283817933
0.4 0.9724456470183025
0.41000000000000003 0.9700013255639129
0.42000000000000004 0.9674442406389859
0.43 0.9647710879074067
0.44 0.9619783718953209
0.45 0.9590623952958914
0.46 0.9560192477767853
0.47000000000000003 0.9528447943206722
0.48000000000000004 0.9495346631463285
0.49 0.9460842332798052
0.5 0.9424886218725761
0.51 0.9387426713977507
0.52 0.9348409368977544
0.53 0.9307776735088992
0.54 0.9265468245518381
0.55 0.9221420105540923
0.56 0.9175565196638411
0.5700000000000001 0.9127833000254577
0.5800000000000001 0.9078149548191576
0.59 0.9026437408219042
0.6 0.8972615715260956
0.61 0.8916600260573734
0.62 0.8858303653623903
0.63 0.8797635573882917
0.64 0.8734503132410841
0.65 0.8668811365777129
0.66 0.8600463887370347
0.67 0.8529363723188419
0.68 0.8455414360363083
0.6900000000000001 0.837852103639773
0.7000000000000001 0.8298592294663047
0.7100000000000001 0.8215541826211176
0.72 0.8129290608414133
0.73 0.8039769336227341
0.74 0.7946921121045978
0.75 0.7850704404527494
0.76 0.7751096000464718
0.77 0.7648094138023386
0.78 0.7541721337244529
0.79 0.7432026907515362
0.8 0.7319088828724306
0.81 0.7203014761741915
0.8200000000000001 0.7083941948946926
0.8300000000000001 0.696203581446429
0.8400000000000001 0.6837487161089773
0.85 0.6710507983037677
0.86 0.6581326058369998
0.87 0.6450178631482649
0.88 0.6317305618303481
0.89 0.6182942839469876
0.9 0.6047315791944825
0.91 0.5910634403055592
0.92 0.5773089084254028
0.93 0.563484823951403
0.9400000000000001 0.5496057216051531
0.9500000000000001 0.5356838541842548
0.9600000000000001 0.5217293195186933
0.97 0.5077502604011527
0.98 0.4937531072829775
0.99 0.4797428371425715
1. 0.46572322763304524