0.01 1.0060853988813379
0.02 1.0121053466685794
0.03 1.0180610458210515
0.04 1.0239536840177161
0.05 1.0297844336669784
0.060000000000000005 1.0355544514540698
0.06999999999999999 1.041264877927286
0.08 1.0469168371239483
0.09 1.0525114362365344
0.09999999999999999 1.0580497653190164
0.11 1.0635328970331064
0.12 1.0689618864337995
0.13 1.074337770793346
0.14 1.0796615694625462
0.15000000000000002 1.0849342837680946
0.16 1.0901568969445214
0.17 1.0953303740991773
0.18000000000000002 1.1004556622085966
0.19 1.105533690144518
0.2 1.110565368727791
0.21000000000000002 1.1155515908083673
0.22 1.120493231369581
0.23 1.1253911476549245
0.24000000000000002 1.1302461793155492
0.25 1.1350591485767596
0.26 1.1398308604218144
0.27 1.1445621027913948
0.28 1.149253646797172
0.29000000000000004 1.1539062469479546
0.3 1.158520641386986
0.31 1.1630975521390055
0.32 1.167637685365794
0.33 1.1721417316289635
0.34 1.1766103661588498
0.35000000000000003 1.1810442491284323
0.36000000000000004 1.185444025931269
0.37 1.1898103274625196
0.38 1.1941437704021867
0.39 1.19844495749978
0.4 1.2027144778596588
0.41000000000000003 1.2069529072263936
0.42000000000000004 1.2111608082695124
0.43 1.2153387308670884
0.44 1.2194872123876472
0.45 1.2236067779699447
0.46 1.2276979408001998
0.47000000000000003 1.231761202386411
0.48000000000000004 1.2357970528294417
0.49 1.2398059710905713
0.5 1.2437884252552682
0.51 1.2477448727929676
0.52 1.251675760812656
0.53 1.2555815263141101
0.54 1.2594625964346544
0.55 1.2633193886913245
0.56 1.2671523112183496
0.5700000000000001 1.2709617629998902
0.5800000000000001 1.274748134097974
0.59 1.2785118058756033
0.6 1.2822531512150137
0.61 1.2859725347310815
0.62 1.2896703129798883
0.63 1.2933468346624581
0.64 1.297002440823707
0.65 1.300637465046632
0.66 1.3042522336417894
0.67 1.307847065832122
0.68 1.311422273933186
0.6900000000000001 1.3149781635288453
0.7000000000000001 1.3185150336425033
0.7100000000000001 1.3220331769039435
0.72 1.3255328797118575
0.73 1.3290144223921376
0.74 1.332478079352013
0.75 1.3359241192301203
0.76 1.339352805042582
0.77 1.3427643943251923
0.78 1.3461591392717787
0.79 1.3495372868688433
0.8 1.352899079026562
0.81 1.356244752706224
0.8200000000000001 1.359574540044208
0.8300000000000001 1.3628886684725738
0.8400000000000001 1.3661873608363544
0.85 1.3694708355076373
0.86 1.3727393064965094
0.87 1.375992983558959
0.88 1.3792320723018048
0.89 1.382456774284737
0.9 1.3856672871195483
0.91 1.3888638045666288
0.92 1.3920465166288025
0.93 1.3952156096425772
0.9400000000000001 1.3983712663668815
0.9500000000000001 1.4015136660693572
0.9600000000000001 1.4046429846102795
0.97 1.407759394524165
0.98 1.410863065099146
0.99 1.4139541624541578
1. 1.4170328496140208