0.99916744410816065587596605612096 92.718693911411015432124459923435
0.91768904241645112503925063256002 71.216663517894754323401990672972
0.84366246299984404587932208668748 54.781225847060234521164785602727
0.776309632562509263301416876773391 42.186547527658872063409084649827
0.714928133432481446719357314514464 32.511384063209180143526396621813
0.658891496480065836215575831793531 25.0627106835222651708817124083392
0.607652490720660305976539632759375 19.3185736083903781981367277705939
0.560749424589793864630499771016603 14.8852306045901299909111526077064
0.517815047487975325788918654486446 11.4649243239594353366150502038059
0.478586886893630678601643526783063 8.8315913949314776802267389762319
0.442916660550099535819580956727023 6.8125363099345116219806598091046
0.410774749196906500551117816048826 5.2746473148481758118831288661694
0.382243942181096395872697012951039 4.1141356648906202560261344193116
0.357495876102207224090099113965621 3.2490576127228245146211835784542
0.336745837493264353485838448110018 2.6140411261679504132972185440301
0.32018892835567514806746552703122 2.15670452471342050308110683506494
0.307932000521712445312318071694315 1.83526303704507300195394642729228
0.299944359830261763934170882984874 1.61683830581846546685855851669299
0.296046564540193587223446701220195 1.47607635750724849546969151231931
0.295939365073376155903983270130722 1.39384564488204782169857318506505
0.29925593788398887627768557654678 1.35596248713295705510837267482248
0.305614012739017573402120678457717 1.35199922178807971653216085151856
0.314651868640125053750668206118562 1.37424951373370367837738742437184
0.326044223170676716316212139021889 1.41689168594645653003662751807323
0.33950231883547732053838328640586 1.47535059284776750652158649164975
0.354765095424377000378782127549793 1.54583442136573434672988902095874
0.371587374607324047111715928574136 1.62501567265380935944414358298215
0.389728925949078322924977427795843 1.70982779329636686358470467702158
0.408946438349249901183850695744456 1.7973536674958392245225958803885
0.428989139466489457236103839543131 1.8847859799834159752792381185957
0.449598016598554605700273648308717 1.969441475845188460685690895418
0.470508135820431070261172056777811 2.0488119041907002137703929107673
0.49145330803130281929318180012227 2.1206349015835663629577283145974
0.51217224047882829469557483853326 2.1829691193004410257125317310721
0.53241530564984461810952394557989 2.2342600369783175201239051315799
0.55195113654804334186615354069438 2.2733861967777731432790192789258
0.57057240000817045001071855151702 2.2996796973433612480896659589122
0.58810028522515729411686147762517 2.3129191117363873123452211278403
0.60438744690012576310880850402979 2.3132968873973735163509700509348
0.61931933536148547953064488087776 2.3013662236634704116944280896047
0.63281400858966734213031930877977 2.2779741221490805330255753143736
0.64482063998985619330713456259951 2.2441877573828863974140107427744
0.65531700653842495957793752458091 2.2012207313908129632408735165401
0.66430626783287702531858913849581 2.1503644965531976324728954079031
0.6718133360460252084930076861304 2.0929286220571163526056281326827
0.67788110087406096365527841109976 2.0301919566021643277159208669915
0.6825667232769790898568148312474 1.96336532459171644099909756977
0.6859381566937751126064876252488 1.893565304713093047584995690292
0.68807100146691222526304561480313 1.8217979095060488247309675544455
0.68904575194401844665531303760275 1.7489505828138711709598692145291
0.68894545834183080585422744943779 1.6757907951751249388346838059032
0.6878537974347541986600596327268 1.6029695703455868979662312373754
0.68585352683916292896096241134166 1.5310284487302620764997589144724
0.68302528576316963119094946668897 1.4604086268164039483718739566534
0.67944669910103934088672834508558 1.391461263023617837199607883467
0.67519174009041870079862289613844 1.3244581806879433524171871066857
0.67033030811208512370923862096885 1.2596024120138479440253683713299
0.66492798148283571347755960714975 1.1970382052785722864490959486403
0.65904590939306749482936435393317 1.1368602599373165396470822343757
0.65274081188020671599104042782553 1.0791220632078307182378349945656
0.64606506146612509881061130818641 1.0238432814920778797724844425495
0.63906682455109997558884268938842 0.9710162157189421424288630702691
0.63179024470210492768386661504238 0.92061136642008537908948682128098
0.62427565352346873634253636986281 0.872582176575202164622184051343
0.61655979784004810407328895721182 0.82686903183123401251118568471748
0.60867607448629353623252669642807 0.78340260176166609695826953441399
0.60065476609915253893508989723596 0.74210660473330064990344526734255
0.59252327303982191112215884085065 0.70290007466450213502059106099278
0.58430633794104418327578906158646 0.66569920171110651637750979698799
0.57602626047720604404543906472602 0.63041881179757205870827032328291
0.56770310079401044790954595358732 0.5969735424387738301407327626128
0.55935487070613612679584907337556 0.56527876508914977931167506587353
0.55099771225419229177492188288168 0.53525129737225651168208078933876
0.54264606358718056542896328335623 0.5068099423100922717560156311688
0.53431281240863962903440667111612 0.4798758860729306015384874675731
0.52600943740252677573583157391907 0.4543729807894339607044311599805
0.51774613819309274532235570643182 0.43022793467754623576865183298626
0.50953195446590283128857055099996 0.40737042801719029877955768076863
0.50137487492250957664506577448157 0.38573317031120760864018997626536
0.49328193676090643350403741272086 0.36525191128809948358098870838285
0.48525931636968028296004194114344 0.34586541611899119900549200219676
0.47731241190757438991339516669726 0.32751541331287712229393289137791
0.46944591841612507356348224199543 0.31014652216507170333996552798736
0.46166389608128830230999906711592 0.29370616531060151298026670990185
0.45396983222037989191307896950998 0.27814447083191934837799774800968
0.44636669754192980769180622930448 0.26341416748594754465310738061531
0.4388569971750758337999121925745 0.24947047584994837829722683950927
0.43144281693990148596643213878721 0.23627099760473477369511804622559
0.42412586528722094887302292403279 0.22377560466758492998054538716626
0.41690751129724980700853969905384 0.21194632948150825413433573226889
0.40978881910738088755329631823807 0.20074725746683861754709514552707
0.4027705790890096300743447964049 0.19014442234984675568837789959564
0.39585333608428058995073739076195 0.18010570490664057415212076687114
0.38903741496717335174816519858106 0.17060073546512199107649979037795
0.38232294378729520570517370808125 0.16160080040467679980598459624247
0.3757098747169297803350955588238 0.15307875276876389417794564983549
0.36919800300927544475565762778257 0.14500892703791345206390847974467
0.36278698415503154181585809533237 0.13736705804670626680002936263156
0.35647634940629936373665841346119 0.13013020398099083834370510126521
0.35026551981825778697990612913776 0.12327667335455607149157986860014
0.34415381895487716265724087707535 0.11678595585097389613489156881648
0.33814048437465028740872865139209 0.11063865687998385981677827367124
0.33222467802014084001358109385583 0.10481643570813289724691993818349
0.32640549560756542851461403130864 0.09930194699860286871894245355824
0.32068197511328613419126786821159 0.09407878560335967522135054593601
0.31505310444087585341106921906077 0.08913143444593079211698753294739
0.30951782834692814279320450598415 0.084445215337379958699835108662832
0.30407505469186907231128391424652 0.080006242567456315594287154125504
0.29872366008280428720078110672143 0.075801379123922650073015705054655
0.29346249496152375373959822234615 0.071818195391599370640671955967862
0.28829038819238236868751329768611 0.068044930194449182561161336087961
0.28320615119463282293905656590668 0.064470454045969452404244440899851
0.27820858166369722828410064613136 0.061084234482877469503294302351934
0.27329646691674262351099107087661 0.057876303359795596967721346172026
0.26846858690147051824888739740073 0.054837225994001695393493051118969
0.26372371689564545666400763417247 0.051958072049933891459888616157147
0.25906062992929750420715371922567 0.049230388064134872256321248400805
0.254478098952710865702633199232917 0.046646171513161009913682138416505
0.249974898777739168250365205058096 0.044197846336666593199767236043643
0.245549807806831780748724710680145 0.041878239826928414840900313199443
0.241201609579816228062522110379871 0.039680560810926393799078064240432
0.236929094144001270772099832450153 0.037598379043454865925994450230007
0.232731059272841882568746210658448 0.035625605745807108752670274849624
0.228606311543251573333117301521991 0.033756475221450396606126889224727
0.224553667287034513833562449635922 0.031985527487597895480957305212708
0.220571953424480432200444455686689 0.030307591862489042799430669154945
0.216660008196784733294150673864382 0.028717771456080408720086622147425
0.212816681801344369233768676167201 0.027211428509997219255228847613176
0.209040836944311350195426289317036 0.025784170540567445617810775940329
0.205331349312111190414861423286215 0.024431837236811260376499152755107
0.201687107978845377576626470072692 0.023150488074202442604123729469977
0.198107015742995601478144654616251 0.021936390598990743505233475771106
0.194589989414079382936885330372259 0.020786009350545719503924676494426
0.191134960043746126410305143095396 0.019695995382082537950085883083956
0.18774087311051992689400601992572 0.01866317634783793372816563401416
0.18440668866531344224843091494857 0.017684547125868889540094366557144
0.18113138143593728146379947727837 0.016757260944930949506267214135145
0.177913940901348485615058534917422 0.015878620989579869499532862935752
0.174753371328518140455658649514852 0.015046072454170324548992775257592
0.171648691792352456186460150385288 0.014257195025710745253158920215431
0.168598936162072039058042891337195 0.013509695766830976707228920633819
0.165603153070346447137529143217033 0.01280140238057612549699882822977
0.162660405858481713309195960590491 0.012130256833917806711888023880686
0.159769772512877767014070440793076 0.011494309323452670425245985660418
0.156930345573150778888592908383829 0.010891712559815457799438468589613
0.154141232037862001408564869624885 0.010320716358907961311262918655731
0.151401553251593588112077988052916 0.009779662519400576602519449439573
0.148710444784695448084652369789045 0.009266979973136449199919738837105
0.146067056303556614774920390893331 0.008781180192960271291286165680558
0.143470551418971587320700225645352 0.0083208528417405593440551778730831
0.140920107564880252332712717404068 0.0078846616586791083258246159043445
0.138414915815329351303255894478979 0.0074713405538258016070236168994403
0.135954180749105527606622419452283 0.0070796899184139048430958142048656
0.133537120276706214699557807030656 0.006708573124795384112536423142259
0.131162965469746258884635045194515 0.0063569132125888433409722847478454
0.128830960404688719860624272355685 0.0060236897524732223757087418369967
0.126540361983377161157498776773977 0.0057079358725085453151519397690844
0.12429043974598979060810532173799 0.0054087354408648455275082111975077
0.122080475716450046342092564144571 0.0051252204017433995117955364165373
0.119909764222641015053073755968217 0.0048565682484292585720689471810257
0.117777611694627356299562377073319 0.0046019996271285684203685172215674
0.115683336511442465798225849145656 0.0043607760730685929674890812398031
0.113626268821896120482478755258185 0.0041321978625603248545602730421689
0.111605750356171654104808111431108 0.0039156019772059657189149406126881
0.109621134231434843153381125376915 0.0037103601748046024546020919448485
0.107671784827928215828026755102657 0.0035158771688908825249702166752809
0.105757077563124260859193170165948 0.0033315888934913965017585673489892
0.103876398735323859149820382648644 0.003156960866172308010564880929543
0.10202914533158428520021385093908 0.0029914866336418454454337856207046
0.100214724915227190747690430556578 0.0028346863059746897773546642960932
0.09843255537082613980585869323766 0.0026861051552731594794741422584223
0.09668206479241065237422847458438 0.0025453123002941840960734619389372
0.094962691304008849311491575793146 0.0024118994541550032160993178803506
0.093273882875128293759894762254954 0.0022854797374851765679371220487604
0.091615097184705226984782995440057 0.0021656865574515344631343487403143
0.089985801451218243719790287874886 0.0020521725428880785396145768110372
0.088385472235976884584536742419848 0.001944608533541265777151789234413
0.086813595362012930035019348794592 0.0018426826300102372267150078492477
0.085269665661670758508622550374355 0.0017460992821178050968069397412347
0.083753186914980917622092212448456 0.0016545784372928987829748922825124
0.08226367168456135362435854209227 0.0015678547267180833405170141476434
0.080800641034752520658873559474941 0.0014856766878335649347086306539366
0.07936362456242914772788074331977 0.0014078060452844235339713456605636
0.077952160182281341353683036667481 0.0013340170153205197034046153838284
0.076565793971493875672471496976747 0.0012640956501361743412198021932239
0.075204080028214681413446367208132 0.0011978392172650596838195738247021
0.073866580262093481750971717748246 0.0011350556083042432544814374716941
0.072552864444846288893764054578643 0.0010755627906406702809749990642646
0.07126250999841341931148414323834 0.0010191882752286895110084776850976