1.55240160555831669851791087502599 357.42330846277413334374340133736
1.42712521596854524139809339126056 276.68915577195420895052392250251
1.3139261540663152357282313178367 215.027810697575162865330808231969
1.21167025377545238737361641980179 167.809744527817230376405000185175
1.11933273071118101127059812229836 131.55067611988595731168534792955
1.03598781386163351993187899322743 103.624418666828508677268132265112
0.96079929959010205752408597806409 82.04841409552481890864234881158
0.89301190981154956578999477196246 65.323428699746996878994277239208
0.83194334215089721037328303564722 52.313628970999328824412042986445
0.776976907554700194971955785432711 42.156782294369253784798360333328
0.727554661985017094060584567047291 34.196947476180830168277396020494
0.68317095536862228313223751862508 27.933968092968511384125420556292
0.643366344448266603768229908335748 22.9855303691038165696490325835389
0.607721847064386470148653099725687 19.0586250622071524179384499056741
0.575853552279589154480788761247106 15.9280549353940294639976708385111
0.547407639693682494656520611012856 13.4202265613934718502427417800164
0.522055895714157611282718599451869 11.4009099765717075484214206672509
0.499491836192027655819912872361113 9.7659811269416216143605937407479
0.479427545813855138911942019190554 8.4344091514767980978888053355517
0.4615913201822073446799730276606 7.3429349215185355463741094946745
0.445726147415881482368613639865308 6.4420249627613341706014970791081
0.431588999659483054265843146259566 5.6927878810187909419255859861424
0.418950833566082842870831960538294 5.0646175876533174124903017522633
0.407597136832886262094640150038227 4.5333855882155625219418796162069
0.397328817110390148483822569837743 4.0800482695328525398545875198538
0.387963216464511585287202845915585 3.6895681332087981156441795776026
0.379335048913467100392860458671396 3.3500729579424616954283427528286
0.371297094858437733393246491090287 3.0521958938939060813880818417026
0.363720535975504217418372283450067 2.7885539338594998577265743749573
0.356494868394852683904958627070056 2.5533331191489646180930684885666
0.349527383217292025536242792039345 2.3419570059186375947922522535459
0.342742246323063307269116026551002 2.1508209428681567484412936925607
0.33607924109767275304576767111114 1.97707907636826721641411816029213
0.329492257250373432902424519099413 1.81847410352948364759699369327372
0.322947617002143032729773321113308 1.67320197127999524346685029469158
0.316422328300252084703959993853099 1.53980524477529929185740241095945
0.309902345713123096405531492472799 1.41708995822047620446341363814398
0.303380905822276992824337174161192 1.30406157646361910119189866552506
0.296856987690932379154077577403119 1.19987634680773499877250786228079
0.290333932426896770808068674218658 1.10380487542239234624247988277142
0.283818240539464575987929436121307 1.0152052576557241000770358325036
0.277318552740716180640909733983098 0.93350354141487608576484204118352
0.27084480956790350929764172806003 0.85817971044652830348222640048684
0.264407577798039534531942336487562 0.78875773760614656177163512804893
0.258017526875472013384555997354837 0.72479857414308126588192252343292
0.25168503608294207924889115317296 0.66589520841435455530138398920527
0.245419912481050348783505630377303 0.61166914746989142207281316142192
0.239231200238337119296995059460169 0.56176785102887983070055995546731
0.233127063438440511184934450957836 0.51586278447274842845421653503822
0.227114726419743931860057091901744 0.47364786141833303299005976087115
0.221200457892758827728200133196997 0.43483812313359072796146220305451
0.215389587289044821969480412174727 0.39916855713237695698448510704178
0.209686543884089052975591848900527 0.36639299567883346576124815088033
0.204094911126637978286032439880462 0.33628306085046458445314279201171
0.198617490255872040157639339613013 0.30862713962762479655271719172147
0.193256368688214504628811388650119 0.28322938287052631402190754503802
0.188012989813548059657230420011312 0.25990872801293631389883288474937
0.182888221779296488627861056190885 0.23849794834585519359506643536419
0.177882423585593779586287711357142 0.2188427329450114084644113808131
0.172995507393647216190986922080319 0.20080080135637656565847130060603
0.168226996391497321778465591230835 0.184241056602944951413226254342044
0.163576077890186008236011780108257 0.169042779233929741788046285997861
0.159041651563447863105775580699196 0.155094864217354495946757493184785
0.154622372912450517409955780861811 0.142295101590465929689626805220424
0.150316692152065140756565726507139 0.130549501000635512326224738577578
0.146122888787765107549628542966311 0.119771659612819152849639624078175
0.142039102194505213182568757217789 0.109882172337998213962923298290146
0.138063358528560337711784532411852 0.100808082940424649141861793140625
0.134193594306552044348494671992121 0.092482374295377610576820978102781
0.130427676978420738057946421330397 0.084843495878503099851468492899653
0.12676342280606335598559486816514 0.077834926454165613119032043989214
0.123198612339771672485904669763266 0.071404769878599209528961770227328
0.119731003762732721218747090302641 0.065505381930491529158088762187419
0.116358344350748762613848063597717 0.06009302611432682175188143720044
0.11307838027141396643346327290488 0.055127556441368849645371878630432
0.109888864924673128634672440543718 0.050572125271112815532071403459139
0.106787566005634301368556324982002 0.046392914386447782151260734001762
0.10377227145074848928790827195789 0.042558887573367434544250153078276
0.10084079441049012112350709728287 0.039041563077602003633020100574545
0.097990977374951497575912811959177 0.035814804412411787600552206755015
0.095220695564044337124993563270308 0.032854628092944724884788886204169
0.09252785968040328199008411569683 0.030139026970454943267036697254451
0.089910418111189477697316007185985 0.027647807934163774437322469518902
0.08736635865428935024067039351538 0.025362442838432972846968535508918
0.084893709834869968330232701858397 0.023265931597970765693054956310157
0.082490541870055130117070941516171 0.021342676474045681287641950438313
0.080154967331886083696757899974599 0.0195783666495256348942379322016275
0.077885141552442826939430258254037 0.0179598722608039956022427350186732
0.075679262809212279169611497908428 0.016475147119801821762343720920172
0.073535572323753870138436779109677 0.0151131394197773691251341964221605
0.071452354102482119953931508615373 0.013863709774903433945961741498352
0.069427934644465607293287243451682 0.0127175559954356437155962771928945
0.067460682537809261574578017151127 0.0116661440483049135158823926882816
0.065549007963343830351131975500942 0.010701644697316609032490569404353
0.063691362121703527920266445627458 0.0098168753579479490094833773056945
0.061886236597913410982800494836434 0.0090052467395243043534950311077397
0.0601321626752318661647066374211395 0.0082607138820224083882761466164345
0.0584277106089041110721123371294115 0.0075777312269676386290989378223916
0.0567714888684754902677647343359374 0.006951211391016857673834138462536
0.0551621433564919191206427491234158 0.0063764873380495820182870571344999
0.0535983566100594925702995124716833 0.0058492776703291441955640505895341
0.05207884699079903458007906793987 0.0053656547821641336745432983083119
0.050602367868143830447241371882974 0.0049220156405805688071481905541887
0.0491677067998609565641586626516058 0.0045150549766927061650819105120806
0.047773684713283682963196150806986 0.0041417406892760540753184312689412
0.046419155090302879888425483592259 0.003799291278351658399423925234313
0.0451030031583215708511056581786693 0.0034851551414481162739332392255102
0.043824145089396571642083861941931 0.0031969915790681929214127903641897
0.0425815272092304056447620818118093 0.0029326533684406654392536436462141
0.0413741252172969611199633955184088 0.0026901707762134864388343982103564
0.0402009434193979860994953562535393 0.0024677368914431503771974972174011
0.0390610139734089495290667335366505 0.0022636941699329019509078128338799
0.0379533961492646218934676382003133 0.0020765220900318085536121283905919
0.0368771756030776353880193601744092 0.00190482582805891559819825267990049
0.0358314636666726275022919821714436 0.00174732586934597416903598287113126
0.0348153966522002557598563299387015 0.0016028484775580210989165679913883
0.0338281351721278815211942049064649 0.00147031695145752029392058690231914
0.0328688634751388977971944928945597 0.00134874360415109894579295171459501
0.0319367887973756679606713759779611 0.0012372224050762443726642463550498
0.0310311407292891440372433989598153 0.00113492223003846635103332408299325
0.0301511705983441096953426609148845 0.00104108066911157851545179684615373
0.0292961508665343468998918625622457 0.00095499834622014562723915828069639
0.0284653745438954952712534572454171 0.00087603370827871282861195308449617
0.0276581546161503859278481007359107 0.00080359824492710995388791286452688
0.026873823488113449896732902079375 0.00073715210346399157269704940465147
0.0261117324409062618847917765060983 0.00067620006616713001259869335106254
0.0253712511039597147409722266178463 0.00062028786016674177973911403298868
0.0246517669408403544817219002374245 0.00056899877233204908387054027542193
0.0239526847489605257592186815065564 0.00052195054399268772471879010479392
0.0232734261728311137697994977068923 0.00047879252236289161081242654171233
0.0226134292302265798592926390410275 0.00043920304743227761245332739834129
0.0219721478519386503196874840122965 0.00040288705492075997411770800756324
0.0213490514326725497186859176872701 0.00036957387731559547492978966174393
0.0207436243964075373210945788146967 0.0003390152268198999263391351125714
0.0201553657717547563738785603707644 0.00031098334494852228589712719692357
0.019583788780190484241710732309832 0.00028526930516582637478885041445128
0.019028420435375321675575291451162 0.00026168145583558703130902328945435
0.018488801153395719252130157083995 0.00024004399189389940337798529189781
0.017964484374053671420981568376769 0.00022019564462165530125838884890972
0.0174550361935586536763241897789754 0.000201988479772956167363689850748105
0.0169600350049863464695963321241512 0.000185286794982642817898301471165704
0.0164790711521994664273509050601555 0.000169966108456669356592856416081294
0.0160117465906585610182616403639424 0.000155912231179464938604596252943494
0.0155576745592493592641835919487485 0.000143020415882560676387856363875571
0.0151164792606456591399187319033537 0.000131194576356025943862716987108405
0.0146877955514682163580433433400017 0.00012034657133027119151612107348109
0.0142712686396470796088601674365468 0.000110395547528805538479049373342653
0.013866553791818879647360962019786 0.00010126733707861728843509433716024
0.013473316049900889748600638287478 0.000092893904759764893240095689152902
0.0130912299502187133930114054777218 0.000085212840843297307322604637192008
0.0127199792587010331483494564774646 0.000078166896035699805542035999995646
0.0123592567083362204902765635043695 0.000071703554761967369215775367052071
0.0120087637425568029180659059054418 0.000065774643712888639434379297414808
0.0116682102711062476398833451699574 0.000060335972852322093775297323664077
0.0113373144297373385719830710236517 0.000055347006049850522333379055563418
0.0110158023469963209034483824981372 0.000050770558952940540051856949517209
0.0107034079145034053928973979405845 0.000046572521800467280650488611717583
0.0103998725731169682857914462139389 0.000042721605282738090993234290208141
0.0101049450943114321238869182669419 0.000039189107266430815737618247364883
0.0098183813722884454319608291536158 0.000035948698874242130124396754977519
0.0095399442254374589004672332748807 0.000032976228288292128505128097021572
0.009269403196360931199606942597328 0.000030249540696773685693285927469113
0.0090065343628219112755029995594661 0.000027748313187760163492224237675477
0.0087511201536794810403396592099842 0.000025453903287113136914292289085932
0.0085029491654870244080396155393564 0.000023349209979677933208261330958143
0.0082618159935513760263493641792142 0.000021418546302118402670233302723607
0.0080275210534010769911496742486647 0.0000196475223514961666620424750939905
0.0077998704223335442015448237316769 0.0000180229380897903311005919229638288
0.0075786756769326640670474196547888 0.000016532684942382638968527063925005
0.0073637537382427370646005965802238 0.0000151656555558324549827442633518255
0.0071549267169145488185764725176156 0.0000139116609897573735904163910867751
0.0069520217698512510446702685713444 0.0000127613548005638476152059135923573
0.0067548709549430507030530900000969 0.0000117061633650747691425062215511117
0.0065633110937841251699632356007655 0.0000107382219878443628331898675226478
0.0063771836297558013865781928347502 9.8503162495936239582489934116643e-6
0.0061963345124530996695282207663497 9.0358283119946835432430953623121e-6
0.0060206140514146952343531694198547 8.2886875022223158777153748589123e-6
0.005849876807600097501604144747323 7.6033251372209973796723123189371e-6
0.00568398146072165412390386021665304 6.9746329655377977080056767600004e-6
0.00552279069905882659235694615831563 6.3979251237771485457371039894438e-6
0.0053661711119352887789420086422748 5.8689032301234002786308535433428e-6
0.00521399306341883605750489473578532 5.3836242910201909921278825645934e-6
0.00506613059967401076283396485321049 4.9384713637811327184244529970649e-6
0.00492246132475932360555518876887632 4.5301265379949347179174350504399e-6
0.0047828663445829574941339512924524 4.1555463352966458306076938908424e-6
0.00464723010404444160925858541690513 3.8119388425836983777908334306162e-6
0.00451544033737517213873996362616692 3.4967430345487575974065348391801e-6
0.00438738796818264796028843111602462 3.2076096607052781685572313894507e-6
0.0042629670096940198025256125080543 2.9423837123879216027077847198828e-6