1.24503047878046009448817078214509 182.376452933303947078861484317785
1.14511240247604939223484566027618 141.100831775080948567860521255461
1.05487473460011544758227875896211 109.582133470678708611854207866311
0.97341478764253877959834572652171 85.452514264053139228106343492974
0.89991975079367525600747890277416 66.93011321330538233340540592329
0.83365935404399303221133052508637 52.672127335412016071562009789245
0.773979460009669385063298941495484 41.665068741030286488678654363834
0.720296439464713548900336877137199 33.142724240253852711096546252958
0.672092135500389330579910045336205 26.5247666110691829282154969387043
0.628909157705719257422220721876581 21.3707717695362154392327890091584
0.590346182227082102368834246753325 17.3457381360319794418314094345924
0.556052885445589522168285960037478 14.1942025891671921651734469354126
0.525724136914517824577409532296758 11.7207896719964564908114034168788
0.499093154586683525285963028084297 9.7755824205024150446212215180623
0.475923509118302746368888669135425 8.2431127376307155983649019363837
0.45600015572278068200497009674539 7.0340727606820356208793293259899
0.439120027756737785315710184838179 6.0790733767359056720837502081611
0.42508304910861572809198177552697 5.3239426316121410818019323509601
0.413684584871414663719497645393389 4.7261810199443105008822245705539
0.404710249278901804779686581662736 4.2522843195282491695245721189757
0.39793361516429325541960793216438 3.8757161538939043191224609141109
0.393116829056173495328229535662094 3.5753674656584592178108841815981
0.390013617783632385005567710833675 3.3343821602095171398644820300966
0.388373847637358484720694634015448 3.1392597480741015997224537333578
0.387948737513999819118340734172913 2.9791688165889321165869465161647
0.388495986936893789184166028437581 2.8454214549513804465336340967524
0.389784343120581118085899049824771 2.7310701612548665680906875033687
0.391597384425302208646800497389148 2.6305969099000556763565197039088
0.393736474281771768710760303384072 2.539670240029785385788392083992
0.396022927971146895375404390234763 2.4549513064831703470623224846031
0.398299457664248468858752640689522 2.3739342850721866200360072999234
0.400430952527783620416602700694345 2.2948105090010562084998032254199
0.402304637779426217421086059585618 2.2163492071266988454931698567527
0.403829653803659319157531891391376 2.1377906109470232200039262097404
0.404936106614772940498951898994689 2.0587493970728525701242151225605
0.405573659587038950388057325384425 1.9791279008928295641817196954336
0.405709756370746208600185762072688 1.8990393249884338826166139491183
0.405327579956905725262945598304937 1.8187413963423510188851394470804
0.404423859116931114575419156853467 1.73858076693792379245846604414546
0.403006629919317457437056549822181 1.6589480778258586232419938675679
0.401093047977494749662778344980439 1.58024316888068929458782519384832
0.398707329114839824885885135474495 1.5028495254153169512748385311639
0.39587887527343800408160555250521 1.42711677208099469454578180452223
0.392640621503757064550995246846471 1.35334987628747521524051151989787
0.389027620839594181948106396926101 1.28180369975686434755768870056394
0.385075868083908545727162425937856 1.21268161233664744124742784229685
0.380821351551014947321625811653361 1.14613702456955516253295605635407
0.376299313604582357259593225105618 1.08227687364502393788100895172403
0.371543695986216311345327797138769 1.02116628556202371453834684040005
0.3665867438353223538316089204678 0.96283381617109572112884881745576
0.361458742282282788477151779902275 0.9072768337830962449861327017198
0.356187860920995005147448953062358 0.85446674069695549610951710813055
0.350800083780891768267423225439667 0.80435383899782959065073482512594
0.345319205195901157896370646915133 0.75687172891776908631913493462038
0.339766874879175132329342599423624 0.71194118897983638110742501751082
0.334162678345754080977605888629417 0.66947352987692941202221945674565
0.328524241434962210788723118305429 0.62937344228973756358776734364743
0.322867350003759846711737446682794 0.59154137612767244318643078619527
0.317206077855317937691004024556272 0.55587549787790829215318043082618
0.311552917643356869390894097942097 0.52227327631261663160099430455846
0.305918910867378987937037842102431 0.49063274656179041771511338779986
0.300313774181975374987057508754532 0.46085349993631073223900524176699
0.294746020119848355678554960780703 0.43283744289740954015790798694164
0.289223071008729498446884387513809 0.40648936392804343445112419511584
0.283751365381017227641480342731415 0.38171734225157999715038783622404
0.278336456563391882891901399571742 0.35843302767677171555202884968012
0.272983103415844232426257596916854 0.33655181649711273759474399015626
0.267695353391128361709640457905412 0.3159929444473370493564115174329
0.262476618221987279600245047484611 0.29667951424300391742547045055574
0.257329742632258579506273020083963 0.27853847221049622146590034573577
0.252257066519179788529972040409115 0.26150054592191578296325153976242
0.247260481079316713948902226888092 0.24550015255248198628072309555801
0.242341479355686825325689463910472 0.23047528582952735990796571240015
0.237501201675378544750747923981485 0.21636738790106967608680509830418
0.23274047642859031019264105353481 0.20312121117284533063086912956546
0.228059856617409955539877052555932 0.190684674114056968605269734317
0.223459652574290061449117768920645 0.17900871416725624925071205211079
0.218939961222120781648659699798989 0.16804714019831014643038515024973
0.214500692217812213357976368122272 0.15775648635157541607355793438148
0.210141591293105540061496719915506 0.148095868717892936560509400687912
0.205862261077668793999503722119047 0.139026845852385016692693792830324
0.201662179664091434073869613134586 0.130513283886788368952648707013367
0.197540717149009423727894060189585 0.122521226745741462708927465470656
0.193497150362282833796294668406569 0.115018771793346829968766653437122
0.189530675974693519905988498751988 0.107975951091197747805249725472308
0.185640422155578581711581071696298 0.101364618337583135521401545898846
0.181825458934520679441541761891161 0.095158341472063646506382340368592
0.178084807404744968197947804334167 0.089332300863636129424900778756611
0.17441744789223241570359224170862 0.083863192953662880024683839279774
0.17082232720077209391555245336163 0.078729139188396378174317647234884
0.167298365032596867241676772576192 0.073909600053106820312066471278083
0.163844459672486983951094934704322 0.06938529400168366884625064657502
0.160459493015108711214569229193843 0.065138121067720286700122640607835
0.157142335005895832780325878276269 0.061151090936901630960814419274835
0.15389184755891148169308386573662 0.057408255260607869936409450606585
0.150706888008110928284239759483013 0.053894643992346621157085984123531
0.147586312142554040841056223178415 0.050596205533087118927160148494705
0.144528976870295808913268384363688 0.047499750476985248204877758043346
0.141533742551667655513059861398356 0.044592898756874794017154236079026
0.138599475037421453479117010919381 0.041864029995668408961191994324642
0.13572504744429556393819110413725 0.039302236879042903832676040923239
0.132909341696372240835280893380126 0.036897281372532658761980010705819
0.130151249857708023350295455135949 0.034639553615005481009665583080358
0.12744967527974875544911488365643 0.03252003332969047751419134038547
0.12480353358313467513079510665487 0.030530253601115502925317611559944
0.122211753492757223526532598208485 0.02866226687577203683966687152686
0.119673277542221767030371000499305 0.026908613051617706469566493612539
0.117187062662129552661415324926813 0.025262289529234673289793477897321
0.114752080665301828730296607957535 0.023716723105006510139437656313492
0.112367318640722451839218947854264 0.022265743593687912974068743009606
0.110031779266177389966595370467936 0.020903559074066934027695312796234
0.107744481049365786267639457986603 0.01962473265833113573562079973074
0.105504458505524604520885984358401 0.018424160691261664151420000600147
0.103310762278771102528101029295922 0.017297052291125920049057754901691
0.101162459213999246397616636506856 0.016238910149731816475444049752654
0.099058632385724344104834907533673 0.015245512514239032973287296539304
0.096998381087742669606670306946075 0.0143128962771659470446191343552339
0.09498082078995631146122525936483 0.0134373411070209610800368117952799
0.093005083065700933169858097383512 0.0126153545549269595876800451080438
0.091070315492606451024847494473076 0.0118436580767540135384476490004127
0.08917568153264078215731985740501 0.0111191739152172218903303531870633
0.087320360391663527867246219535006 0.0104390127878067647086161708449789
0.085503546862530801553210545470781 0.0098004623314280337136458965718669
0.083724451153731328535977387187588 0.0092009762569437730156548021566552
0.081982298707533186256219299895476 0.008638164170458332632833740972914
0.080276330004472779564746496480444 0.0081097820185984422355729505700909
0.07860580036274229066170948751325 0.0076137231215859514842734511956884
0.076969979728165571213722273688075 0.0071480097560366461841288815734318
0.075368152458932383527098981729079 0.0067107852545498181426035825591304
0.073799617105945233380528500232581 0.0063003065901555160371932945882458
0.072263686189522814103796107768147 0.0059149374156935197660257813944188
0.070759685973000923285069017438431 0.0055531415300499553796847039566812
0.069286956233870622562693849829116 0.0052134767449822286683772938444945
0.067844850036455693631405790832351 0.0048945891286419703642219019773169
0.066432733499810239654498729192773 0.004595207601061745058780182930209
0.065049985569786588506162049961662 0.0043141388618565859087874630742139
0.0636959977883428292642310916773 0.0040502626281178797081849391750702
0.062370174066131547269305633583187 0.0038025271646245913503499635042204
0.061071930454570022718194208452078 0.0035699450875876281954963973453085
0.059800694920768442643745315286906 0.0033515894257251482630664915982454
0.058555907124722197449491924905663 0.0031465899226840312674393055069945
0.057337018196345847507355754267798 0.0029541295655746185171690634553864
0.056143490518001016765698955651555 0.0027734413266373691640067355059317
0.054974797506213146985567994485571 0.0026038051039368189352465461439384
0.053830423400718993700390305136774 0.0024445448500791871890213714806716
0.05270986304978153806982326093335 0.0022950258758143072068717611408762
0.051612621705103660964716581262077 0.0021546523196597451023282687935575
0.050538214815970606347611310083735 0.0020228647719150220486415088676417
0.049486167827584627511000080406927 0.0018991380442784834845287891299976
0.048456015980384583649992682358599 0.0017829790757533646319702003819766
0.047447304117199119844284888278907 0.0016739249672677776648209971476851
0.046459586490101527686899221211348 0.0015715411361788028498296471613208
0.045492426571369866032010086531026 0.00147541958383073165682336859971824
0.0445453968638925780245728182274613 0.00138517726878634677717548379450493
0.043618078724361254211697594392554 0.0013004545805332638643462246087583
0.0427100621826969238997474582399073 0.00122091390589222277020322676912381
0.0418209457626462976917722342862252 0.00114623828300530280094452892252512
0.0409503363088491435609532202285974 0.00107613013799722567646892601813148
0.0400978488232512902111824210789644 0.00101031009940321995544366514921555
0.0392631062926688275151051008682196 0.00094851588418033364732328908437873
0.0384457395265012983225975525005339 0.00089050125244997368469291642918298
0.0376453869979322893142314736686448 0.00083603502620314248465416644285722
0.0368616946845411431516533448043409 0.000784900167791179359335773120931
0.0360943159201954811268454200988184 0.0007368929153273592133162934228632
0.0353429112263387637172638639299756 0.00069182196952848964241508052327426
0.0346071481956781919206861746892966 0.00064950773328396333969895009791579
0.0338867013178682606402009966208651 0.00060978159411358989355102937706156
0.0331812518371060152166843899885784 0.000572485252330893738479081561086
0.0324904876364820908901545355224127 0.00053747009148669841634553256122601
0.0318141030896821297107020290557502 0.00050459658541198247699798184075844
0.0311517989054694546897902280624519 0.00047373374119082777111848823964792
0.0305032820372174435488715797550974 0.00044475857911963342588083346718197
0.0298682655208560984838788047763709 0.00041755564102096712814775402685257
0.0292464683553777946586650942318953 0.0003920165305140914246443436178858
0.0286376153952420617394601359118735 0.00036803948171197527215565644296499
0.028041437207737477461005894637081 0.00034552895279610230159221245270225
0.0274576699660395664908910739315426 0.00032439524578419445876104175250155
0.0268860553525660288268951831665411 0.00030455414974241993704385972785719
0.0263263403831645987151924713761677 0.00028592660304225658338286946547504
0.0257782773673895645963571408459791 0.00026843838084034209824735950660745
0.0252416237659019634854478383271238 0.00025201979809017342001912270395949
0.0247161420737876417832151877336926 0.00023660543159863085403830617887998
0.0242015997431994121350691048068356 0.00022213386015670269551469995644565
0.0236977690451819618153717546599277 0.00020854741875808629298684550609086
0.0232044270120354286281061964647063 0.00019579197001674572834640169721575
0.0227213553026340883202765573045974 0.00018381668743698053567868899448771
0.0222483400974414998487447826893142 0.00017257385275494577018008612860906
0.0217851720757150621366041084427033 0.00016201866749808837617208606912127
0.0213316462693777458045412171113277 0.00015210907308666188646229584187411