1.6222538610514327130047584450709 408.54947990183398035377391961645
1.49118411219785588923158097245826 316.26451362157157788701171366703
1.37272908208405648928915031962597 245.777585629607502606431986661066
1.26570086999540398412024001797639 191.797675403195604834008129669278
1.16902553947197759748372877480518 150.342629365108158643640450086287
1.08173222347137884179981401382567 118.410986017680506667105554639638
1.00294319900356006735484744310553 93.736873167987398224022714151046
0.9318648151138169863362133199471 74.606804213897031202887317686174
0.86777916685987825172575269630486 59.722623695567182296671753138434
0.810036418334342791298658453710203 48.098881645525295597842704590675
0.758047691046906661127867736126716 38.985910838285831997754742932996
0.711278451208847185953918393615508 31.81210728733494730054451738661
0.669242351282034590529162164992137 26.1405699555490856022788532122694
0.631495507249582688727179423614066 21.6364873436539266696072472024916
0.597631221711432200614520163960309 18.0425752965446448014348893422405
0.567275190711389478824846347955265 15.1605528698329595247867814883261
0.540081254288679003841091212697386 12.8371514772209093603093845341336
0.515727761579000128308632085064932 10.9535314086970000478168928861872
0.493914616114649293678652596783693 9.4172623346184646628750385870269
0.474361043541057815123171171010953 8.1562352546207883400845600284283
0.456804083918435513065556148265436 7.1140308612785060649617833531371
0.44099775998696658606082250813031 6.2463871187089953490249829811294
0.426712820301945004721156768111876 5.5184971616102055033332495693963
0.413736911990897468744036339139358 4.9029349481158177882209784628678
0.401875010347128244080104403817493 4.3780560490988989439162432711463
0.390949926081186558844320149855405 3.9267586678369309729874987366869
0.380802725784895825299061496390786 3.5355185094984063407919815847717
0.3712929330352326269396696750524 3.1936327042302168045310316821427
0.362298420144791312955475789231716 2.8926242844502235943779782674379
0.353714946737326494318643052810537 2.6257709560499581980195679578458
0.345455344752899148900076513478529 2.3877310162796128137273124456281
0.337448385498460903954103127614143 2.17424598238104414355827998400058
0.329637390265321721811580497559901 1.98190438144514233845680888474636
0.321978661019522042479764148622908 1.80795467951794899937774386522105
0.314439812430673072954781469039834 1.65015787154025873401322446389201
0.306998082779622530521134496371785 1.50667210792725241871892000760029
0.299638691377475898965135661221777 1.37596312079027818541415502547986
0.292353296474817244315052371533749 1.25673529163957244425920957908015
0.285138592474459812786117327323152 1.14787907853438300883240969533609
0.27799507039942050269375578672022 1.04843125887718187058146843840502
0.270925952299817121168879173830014 0.9575450804239047496869550508994
0.263936299372192236954738812815228 0.87446796565929683187721437346955
0.257032285313446379090406488425753 0.7985248918444401868336954759095
0.250220620788584133952611682388256 0.72910597528773058476973594696715
0.243508111568125491094632324127914 0.66565712765741202033873831920017
0.236901331473093599214463540343701 0.60767292938946610052191799400324
0.230406391296859587251185154334994 0.55469108669026078044008127290768
0.224028785917589058680222089121607 0.5062880115094660605837158675119
0.217773303495683405695712425403706 0.4620751958112859709429953728882
0.211643982660841618885506222909858 0.42169614996015828408862372043406
0.205644105705665048876339736468933 0.38482374695326908215329505270521
0.19977621785719302841414497901063 0.35115786559607212905461245192946
0.194042164593752182735007256951872 0.32042326158690678211276349319708
0.188443140655835947596674576193546 0.2923676199403594032006548474657
0.182979745845234193302218436126015 0.26675975845003391807265607007814
0.177652043916257924330742824031158 0.243387962409879791959391146155
0.17245962185222267515669469095869 0.22205843739697574073292644803616
0.167401647612761166169056282528365 0.202593870882761912978340794802599
0.162476925059006840638381993159699 0.184832095710482775343459247870757
0.157683945241981218183180611090521 0.168624849697922034910689893595639
0.153020933599452507091470943622671 0.153836626223489481079121702088833
0.148485892871386750451373561891192 0.140343610911988872292495715947125
0.144076641733418119767493333478842 0.128032699628542832867888245794027
0.139790849278569960972535858517763 0.116800593021372489043037878124154
0.135626065563203123225089509561141 0.106552962883938265188938980654323
0.131579748485355390266267069830328 0.097203685664436098796616357226873
0.127649287290962910732699030874506 0.088674138546148448960672215760185
0.123832023012901319652937050525466 0.0808925536563330046079920127334
0.120125266144829461022730379396321 0.073793426129503675314367149383596
0.116526311840321874378921099280412 0.067316971945361944105970725529656
0.113032452911193367120395330722156 0.061408631675270709309216750088891
0.109640990878966235637171437611732 0.056018616495614192335144052008177
0.106349245312237017474648235403699 0.05110149305632951729771124379827
0.103154561661126088498049054199481 0.046615804022521445884116039851166
0.100054317778785434612471260968737 0.042523721332343108475163228357765
0.097045929299946161431841833525165 0.038790729432708781560196750394389
0.094126854027524582824033592896781 0.035385335963018619703258957077131
0.091294595460998407528861643714004 0.032278807555214241059917221146809
0.088546705584381717354038284007119 0.029444928604888964932574945644654
0.085880787017312469320738790755391 0.026859781042705927728105966031847
0.083294494619886222892745219687445 0.024501543297905684804403522236752
0.080785536630409498224642032670855 0.022350306796521044343371551429968
0.078351675405058303173656443101804 0.0203879084764062312180494593661857
0.075990727819426175028902183719498 0.0185977779298745339766409352270232
0.073700565383994391561758452083172 0.0169647979031918668242918364652363
0.071479114118677495681590475101761 0.0154751769911137977039693381158508
0.069324354225338916334373951691968 0.0141163334644645533749515660738651
0.067234319592025538196270448136719 0.0128767892605075946166562520589985
0.065207097157932757329324371816516 0.0117460732496994762633658157788579
0.063240826164015655049856130336457 0.0107146329692088369831163891364519
0.0613336973107668849370567002310671 0.0097737540839252429162837692795593
0.0594839518415666350860017131510427 0.0089154868998917692979188291464351
0.0576898805672849828332338183120927 0.0081325793137959830123384974965047
0.0559498228457570370636217846644306 0.0074184156359335167039750751497071
0.0542621655274323371950483472455249 0.0067669607729334621172774113537443
0.0526253418771410172830784475562497 0.0061727093014839966130260660965245
0.0510378304802263703889539563172888 0.0056306390050975180332358031628966
0.0494981541399153189785119223226967 0.0051361684832847715383291103244931
0.0480048787721330807757079773495749 0.0046851184767631228668172365825831
0.0465566123024645747956688678677504 0.0042736765832654345033874257364582
0.0451520035695935277479535032397506 0.0038983650670994255681041651324849
0.0437897412385568263843990248703529 0.0035560114914628929274307875840384
0.0424685527268308016030399460858288 0.0032437219262902239041157052824506
0.0411872031454520716053690499943268 0.0029588565059464829799400750184721
0.0399444942570052172804412604390059 0.0026990071308544898043167904984042
0.0387392634523414911865152356128256 0.002461977125239461352218513224389
0.0375703827467907903205562754111166 0.0022457626794456198179944431670802
0.0364367577971294253422449395152438 0.00204853592045899898808017237236962
0.0353373269397694014584514773795194 0.00186862946784639990938701687393745
0.0342710602508619245883946549966355 0.00170452234490280086145576153283796
0.0332369586283694990859267549488377 0.00155482712612462182246690074036146
0.032234052896649572864618792118105 0.00141827821263888567638705821169836
0.0312614029332250527576342825828256 0.00129372113659973918826047595707671
0.0303180968178496849368401864404881 0.0011801028043201740275581838960766
0.0294032500040421236014747950947445 0.00107646259582265279327842898314253
0.028516004512334658766551916356246 0.00098192424560581668354610883435742
0.0276555281451809846425826982564202 0.00089568843611453449314772265834719
0.0268210137237679598197710572659141 0.00081702604142961790681140133956703
0.0260116783454486660758506816351011 0.00074527196402439825207208558427995
0.0252267626618518904762468918165675 0.00067981951259207253392698394695925
0.0244655301779347269368183394944574 0.00062011527350971902102042048953501
0.0237272665702219227118645331324299 0.00056565443250231994128956187114768
0.0230112790249183124275703752242014 0.00051597650708585319167719446234251
0.0223168955947658456570564044720221 0.00047066145368007231195960550868393
0.0216434645750020307789236857441584 0.0004293261165571191529173455237251
0.0209903538967503815058582901721191 0.00039162098854003092926390997822154
0.0203569505388386620097293057173741 0.00035722725617399196710712690254007
0.0197426599559564325062000797500224 0.00032585410430195269107961217828617
0.0191469055247027790426889482704441 0.0002972362573795921918390284684458
0.0185691280047592746164117350049742 0.00027113173662557195841383903491937
0.0180087850171053851621442795151413 0.00024731981417320936390774195596406
0.0174653505368392937590917491197128 0.00022559914683272981930846319387648
0.0169383144014567949198028238182836 0.000205786073752613701393482116239931
0.0164271818336167497903225248873334 0.000187713063564658670781926788297234
0.0159314729780345928437915401947845 0.000171227297890704487995304794249679
0.015450722452808340228497065185034 0.000156189379259807911227534205991771
0.0149844789127987623296076885874119 0.000142472152448628734309566912322038
0.0145323046275571905611901173109462 0.000129959629376011454877537541192641
0.0140937750707973772282319007841962 0.000118546008377831053324618717002001
0.0136684785228514216735755023305042 0.000108134779627255713082554796889495
0.0132560156845914230059792315792895 0.000098637909103899297920265232187766
0.0128559993031643947199266828355422 0.000089975094232451708708941584364199
0.0124680538087460953444055447456007 0.000082073084886351765012341315935568
0.0120918149628022415820800487992545 0.000074865064033104913711605273699276
0.0117269295156140901963116110545499 0.000068290082746364175242434023275432
0.0113730548758616627567725226347643 0.000062292544869409124935132744358489
0.011029858788320626737396477006729 0.000056821736903190367283071806793326
0.0106970190232234051626344994858897 0.000051831399213375167367024927430233
0.0103742230731922234532135521723225 0.000047279334865635029778502998443677
0.0100611678599126919583590665284428 0.000043127052824976589803837387488573
0.0097575594502012908440941722885512 0.000039339442497210969526834282723051
0.0094631127794005655026955865970688 0.000035884476837296344899786908062504
0.0091775513851504843768094906997832 0.000032732941556028323099672198276492
0.0089006071466242080916825111491874 0.000029858188078527360447861712788436
0.0086320200336360134731828465484688 0.000027235908221809384551695001987877
0.008371537861861190738874243001385 0.000024843928645685046656564729038596
0.0081189160570378208920443261017263 0.000022662023371022398287851199536997
0.007873917424644905908112612727707 0.0000206717427480442785988633324631631
0.0076363119279294706990110313500723 0.0000188562574574796698395697664897644
0.0074058764708083805174127556196284 0.0000172002161978549744486470223332534
0.0071823946904365546899069407293962 0.0000156896158941255939819059299206373
0.0069656567511201113453675070207319 0.0000143116832707634177011694282271519
0.0067554591497474168331650484143794 0.0000130547668619527117337662394678503
0.0065516045248447659813971635652376 0.0000119082384891702190447151239655007
0.0063539014695953825913520103582532 0.0000108624033821254088201473344087828
0.00616216435348584500825871577635534 9.9084182103498207241561279702113e-6
0.00597621314675450436021095383598391 9.0382162998323720107796849090234e-6
0.00579587325310806072500708046402464 8.2444394318979077075089792605993e-6
0.00562097534359969732924460568583867 7.5203756138925570476601717330593e-6
0.00545135520062897979034709450807938 6.8599023371314291071194236699715e-6
0.00528685356261845437660300206530262 6.2574348003838595668260341247673e-6
0.00512731597080682171785536195438275 5.707878673392485567477603693398e-6
0.00497259262637810316571806263051621 5.2065870305491967353522156921807e-6
0.00482253825969679885952332262819002 4.7493210875814745037293091697095e-6
0.00467701197283058461173163414975253 4.3322142925699104413478100556273e-6
0.00453587712943197295002657367258834 3.9517397001346571392120991642848e-6
0.00439900120645077912172971584338157 3.6046800908159443391088968709004e-6
0.00426625569254327796772597217473211 3.2881008276560021932006254701988e-6
0.00413751594632799772753843626154615 2.999324986284075865011909124835e-6
0.00401266108043557192495823913057324 2.7359107276360138767872140837023e-6
0.00389157387641386797557225289539916 2.4956307093779173184777656106652e-6
0.00377414063123530753527418636601244 2.2764531604662905416535282314336e-6
0.00366025108367741398118952654788234 2.07652477035223469942796974716984e-6
0.00354979830326842612373727113566892 1.89415499958518328952724084636551e-6
0.00344267857089185486848316898802467 1.72780175482553045990221004777551e-6
0.00333879131926996251930827816142581 1.57605841027858301987263829611764e-6
0.00323803899806037880012153521878461 1.43764184958657158346503930018459e-6
0.00314032700431658423063044115442679 1.31138165160808531880485357827691e-6
0.00304556360064894005751220632445899 1.19621020010696245732295556427643e-6