1.29459602749749654621553955200004 205.508734259927702920901577278666
1.19063612410766712233285746649339 159.039815649581979870249229289281
1.09675214565027295682880104842202 123.555255765304342257502883117007
1.01200568693017961077682595936279 96.389116078185328371036750751712
0.93555126973718016753520459390859 75.535116085735622055362615330566
0.86662835294314040883569107335548 59.481233224353250648791826861155
0.804554215869957068763591731294905 47.086164719574159821324066259717
0.748717577792960845523456929170899 37.48697997065240003472002178561
0.698572785461653906992735924592708 30.030025819421056213729162374067
0.653634363486325108788364203221842 24.2191785183248640091435202830843
0.613471687184012641131385748970428 19.6770463256009034312798430401623
0.577703517164821914398329676408726 16.1158495538007128282319084131328
0.545992147483858780335391446459853 13.3155400028601395595049726654174
0.518036983832297422379546233931474 11.1073427228068718631686968189134
0.493567498294101528303599480325769 9.3613646682180587393042416638246
0.472335699586668630858744236371924 7.9772577303706901817882491365566
0.454108483104230746515709821521326 6.8771782912680179020724805966349
0.438660425849246554230949650185103 6.0004746926843270972747833480291
0.425767694688047595514778741369954 5.2996750374835241353760730233006
0.41520368379206526283895333169309 4.7374533589710494040928086338257
0.406736778123847448884570908146457 4.284331784355197306427587370854
0.400130308359270590042981073417807 3.9169365610677912148966761740707
0.395144419896117292220014363610318 3.6166713864014970984287582080829
0.391539327570332157866944900421401 3.3687057111112908308860542371962
0.389079326748959600838237862840619 3.1612011033511806657333646471203
0.387536975455576380937919279793545 2.9847174382171298740848184280355
0.386696998495455594983391195182589 2.8317543952920743253107925768515
0.386359627637678403084272037424525 2.6963939798014821290493432480734
0.386343232847664041420076966779464 2.5740176707587867737790281508155
0.38648619754656791199875105650399 2.4610781235526569736522609789221
0.386648048343393786271385155353289 2.3549105737678894117209875833947
0.386709880331687152882508532269251 2.253573417696909751335616867896
0.386574137096839748078918000229702 2.1557109490529821560348222105905
0.386163819154344348511406519891304 2.0604339207338426548081430316516
0.385421208726429777182718235584087 1.9672154970787527836835661495741
0.3843062114796421775897960425809 1.87580133627997327973996792368809
0.382794424367124915634427013214682 1.78613311820160426347787177772694
0.380875040721433295540475507717904 1.69828496994856502577721643168547
0.378548698321187029149336567901551 1.61241210872385558694657195944633
0.375825363982378351088676833200274 1.5287107695573907000514044291381
0.372722331132493150924208083819241 1.44738822913357723221163424471763
0.369262387179473480087724040942608 1.36864154830675287463009671303227
0.365472187600951126761216554153635 1.2926435673200449923065248076404
0.361380855427329386971139602649165 1.21953470111812800443319896167711
0.35701880940779200732945973272851 1.14941917995641577418466592783458
0.352416812237306259347410216649235 1.08236453657778988716473353524334
0.347605221844890238281952245725761 1.01840332827094709388199799412399
0.342613423593543984028364056327927 0.9575362768854302675552085437975
0.337469418784121495734606014105099 0.89973619504658233229050267563066
0.332199544482906900821556406648613 0.84495223157004899832521321973434
0.326828300795950667092580430391444 0.79311410794914274313604507956389
0.321378263769934459982267400705321 0.74413612961246088550253303694815
0.315870064671808473441317503282397 0.69792084189605108904441175632676
0.310322419164926161770914608504758 0.6543622644778774203458702270265
0.304752192628734266459347384635145 0.61334868314951473706834198158897
0.299174490412420008194887585877281 0.57476500805702302473938210719068
0.293602764089267281255379691522354 0.53849472645305424774521631118341
0.288048926750127352427835148384422 0.50442148856154119817446491086749
0.282523472038229973064435866771805 0.4724303698209673742438400465035
0.277035592998031781222672853222985 0.44240885344757803177831121387814
0.271593297920255926069135989277125 0.41424757541383449123858854043085
0.266203521243159296259279985794552 0.38784087059884474885653544585494
0.260872228254040352453569618558318 0.36308715479307726847210417647989
0.2556045128570366232932713903958 0.33988917292229032947088908001354
0.25040468806401787790375090637061 0.31815413961929565912440174360379
0.2452763691504095136402023768593 0.29779379430621675362849267447364
0.24022254962106536725589265822086 0.27872438936338169998477419598795
0.235245670268193477578579398252363 0.26086662678326925462478530140438
0.230347681694567824915648825685937 0.24414555596310512515109546950007
0.225530100725934257116269693021597 0.22849044293011769466321984618282
0.220794061163476698436100576379178 0.21383461931165345887964565692777
0.216140359331624665072418797306465 0.20011531769565049932701342445689
0.211569494870031894230464655359795 0.18727349865365287381134121555568
0.207081707199876679088012628010606 0.17525367356018997656964236105186
0.202677008072955116715112812356895 0.16400372642000327136738841708349
0.198355210584396605394001750233996 0.153474737159067019106975350588863
0.194115955002077020432139849957753 0.143620808229454135743987293203132
0.189958731737036073578742686278115 0.13439889589040430089320128118044
0.185882901751206312218006539979416 0.125768647139640271307448795736453
0.18188771467162495017064287747197 0.117692242960821991287702379783018
0.177972324854667122497032567609962 0.110134248310725837675169770383981
0.174135805620226947760599811070374 0.103061469081297753306120856901116
0.170377161853658864002816194683199 0.096442816125542745530632503750246
0.166695341152913623453210404518243 0.090249176324444484597126417711399
0.163089243679909373821234896373038 0.084453290588341838086045358806437
0.15955773085885541213264496260944 0.079029638624882455966076308299071
0.156099633048075469610470424704799 0.073954330259444180538974846861688
0.152713756299487009875695790228253 0.069205003065132156361772561323854
0.149398888306684460550864024875155 0.064760726037815083993896557295271
0.146153803632053214251829282816022 0.060601909040706610001020327552077
0.142977268293132642521423695503192 0.056710217737211154457200868675758
0.139868043780275217675657622859657 0.053068493731215738092534025963201
0.136824890568789659785522735240594 0.049660679636092912816714343120402
0.133846571182901477592602042133365 0.04647174880122341473827826237498
0.130931852861562211600118204918305 0.043487639431648502401861936631886
0.128079509871269848815089736509878 0.040695192846777269489033963520633
0.125288325505762627893954652085714 0.038082095634059013962690181285363
0.122557093808308551063247972653766 0.035636825464746465033074793482147
0.119884621047868042163206240494035 0.033348600349603634245833282800017
0.117269726977458052946823876382004 0.031207331124228417153331766957317
0.114711245899852977204047539779021 0.029203576964702882926072392578718
0.112208027562524076329908930920508 0.027328503744860336595457294803234
0.109758937901785297070250653873713 0.025573845057564319306161063749968
0.107362859653766692239169743434638 0.0239318657325093068525558355063
0.105018692847715412434860938588905 0.022395327692798233350016052189297
0.102725355195480580263740640107411 0.020957458002068014756980229689282
0.100481782389870995826101506525098 0.01961191896313985295952826626692
0.098286928322366073083897733577812 0.018352780137157856307361859867403
0.096139765230489499776597413477255 0.017174492160924126802453126053444
0.094039283782862332402807873655401 0.016071862247043511306247426656989
0.091984493110432141324645563655537 0.0150400312595305750688169423270839
0.089974420789873140399012364765104 0.0140744522634031347737962942037625
0.088008112786338649907234276752698 0.0131708704542025061440362245674308
0.086084633359229156571589730773641 0.0123253043779835974543875768878651
0.084203064938291529981668926390317 0.0115340283599870448974803755229511
0.082362507971429476009864096833167 0.0107935560629926257246125258137796
0.080562080750439960867218921877664 0.0101006251037469540711664561707373
0.078800919216617665871091834073968 0.0094521826587819982656265623400475
0.077078176749682964600910993642848 0.0088453719961556003906169471214909
0.075393023942261348327554092020139 0.0082775198733760566460345411174536
0.073744648363250546105871724915615 0.0077461247460954409328164223604994
0.072132254310970517806262294669907 0.0072488457349725218542884218944523
0.070555062557955340645036364310791 0.0067834923019451455909044477500007
0.069012310090221658052299865221517 0.006348014590611387097710531308443
0.067503249841695019221526557346529 0.0059404943877183467224705614064418
0.066027150423772721615965414626514 0.0055591366654552670783302838692918
0.064583295853570378362138577148732 0.0052022616678342479596475503920596
0.063170985280097928730431407154649 0.0048682975056669089643349422551062
0.061789532709583868418045767948372 0.0045557732275178047334621766320098
0.060438266730689561028312761713875 0.0042633123360117811160339530754645
0.05911653024102436352853788799833 0.0039896267209995434331856622500171
0.057823680174121805641951547884749 0.0037335109824576595427093323935661
0.056559087227811691373043614595847 0.00349383711817089787123062930684
0.055322135596365098128475161557354 0.0032695495530912744336601411285783
0.054112222702365051847033790512737 0.0030596604875775170165598708056656
0.052928758934755930769026545734359 0.0028632455451204304514931276590591
0.051771167386962544694355316273488 0.0026794396991684907369829525680881
0.050638883599205876307200172498781 0.0025074334618051719515822384780919
0.049531355304751888766823597627855 0.0023464693173419193934331905607127
0.0484480421804085238786556456210984 0.0021958383850869829016703189913147
0.0473884155990555007114170438367844 0.0020548772962341465593590745063071
0.0463519583864094421330925383878425 0.0019229652714260109935203764846298
0.0453381645831899647286701466019292 0.0017995213862096447683142930411119
0.0443465392089220698598539318424806 0.001684002011830708257909737519968
0.0433765980321988348751933421785795 0.00157589842068658294751914275929493
0.0424278673436084472412115393138533 0.00147473454539269001150634440548078
0.0414998837325576018749630500275892 0.00138006488175103965479578563584843
0.0405921938692116195075358299059833 0.00129147252649528661041029385357286
0.03970435428934183046273151006528 0.00120856734092781089017575043511004
0.0388359311839499296820689795317152 0.00113098423255282771472751827353945
0.0379865001933008378302702245480013 0.00105838154708064315598389709912773
0.0371556462046183284129866149954333 0.00099043956364901705608459930531425
0.0363429631513502175059707241906011 0.00092685908648191667600921591651618
0.0355480538230000811205485862603053 0.00086736012749725669124550411714877
0.0347705296702957393386262599006925 0.00081168067283897569992611465058066
0.0340100106177533582262402364655018 0.0007595755289050358268919797320644
0.0332661248874888430579902100332617 0.00071081524295248953478797321958054
0.0325385088120892802099668828899129 0.0006651850920179117600447562330332
0.0318268066647641811781047351045909 0.00062248413765013450834101703706805
0.0311306704834863860511282152339428 0.00058252434072321175253750429444006
0.0304497599029522464069667491400198 0.0005451297333544484585183339613831
0.029783741994553927469985221104738 0.0005101356442139855089650537108774
0.0291322910969949954627976984229311 0.00047738797289195221557096148123335
0.0284950886714945651002835851149684 0.00044674251192860179644251507819342
0.0278718231233711252586392138929036 0.000418064310583396472075847043201
0.0272621896802363485680446376044264 0.00039122708196144493005131948584075
0.0266658902239613460701565673686499 0.0003661126459074628578972288670599
0.0260826331531021253393281030481215 0.0003426104089107129936747315715136
0.0255121332309937565262603003090428 0.00032061687668219670165715863219137
0.0249541114668921433910601631988896 0.00030003519918119821274735272067278
0.0244082949629193189105073852348597 0.00028077474342225335601319751672717
0.0238744167830526622492336576618955 0.00026275069446060412635412828455884
0.023352215832880198693474391409415 0.00024588368222800271374808916556316
0.0228414367214763383961192782476146 0.00023009943163729307176375721663447
0.0223418296417483664704358267705365 0.00021532843567088845733252400318642
0.0218531502515183574217037355557333 0.00020150564937235786636398682470478
0.0213751595450245858256488673614417 0.00018857020314382147077343371452161
0.0209076237518782540226865795426553 0.00017646513512785875430215778211727
0.0204503142049661169523628069261117 0.000165137139876620299587868505793
0.0200030072379179700158008818123011 0.000154536333871972753959860486119475
0.0195654840765701984600324475809224 0.000144616035867320908187611061616673
0.0191375307339123636871777206926267 0.000135332561351504682654831824693851
0.0187189378971353667839657651930446 0.000126645029992861943243847926223515
0.0183095008340009937615740765935391 0.000118515185810018507708455478144597
0.0179090192868633075687268703317792 0.000110907228581941095182051712165553
0.0175172973864057443062493020225177 0.000103787656415003719668076513092095
0.0171341435167348387621600746034482 0.000097125117512144384502491616083414
0.016759370300677985573639717533538 0.000090890273512010994280582140051309
0.0163927944396659406605744629132008 0.00008505566904751443211985081326329