3.25068753619801365526625672685119 3331.3453991775043774118749802108
2.98545556159854039593746399374639 2578.52889662711282176278757129258
2.74540184968531751590123665955086 2003.29756500719630548230863567256
2.5281047246980387788914039850962 1562.55028076646470633885950583227
2.33136727048622416739807299663864 1223.8477174119417446961749999938
2.15319526195990235419070553015102 962.73940762950664327363458826168
1.99177727375530543327121330030678 760.76742782730401710036125462395
1.84546681729887720346881156831354 603.97424659655971084626798467429
1.71276637851559236044968623034639 481.78644925381360256192995119638
1.59231324283122986683425140491796 386.17886804161392406460135537999
1.48286700062757856709577019653598 311.04803712132998187179979390137
1.38329862421525634742023116191252 251.742023580392630313077627309222
1.29258099686894246769970090396836 204.707170788494716894559536528977
1.20978075690364676430121426322359 167.222323821963278584471647675097
1.13405129785660792024758254414146 137.198575543040688803111579332324
1.06462674345845821195428512375526 113.028134913440596146328013209524
1.0008166978509016164211613951577 93.470065216071709174808549619022
0.94200156207637994208140707752265 77.563732037791987960879140565554
0.88762821102917566871818247932074 64.563108534645312386065721685555
0.83720584293934863910918897676258 53.886808579188655880103925211872
0.790301845919254773902999136361757 45.080005267712803283265512968026
0.746537570540454761394548757818426 37.785353201556302617222020676871
0.705583949102422919238348464178658 31.720750077578452755762778240605
0.667156955127126807077615914989879 26.6623078413474663564738769114646
0.63101294433936653829328023704817 22.4313021239026638279901117318441
0.596943955546819169625439155409197 18.884165726792200616247867662311
0.564773072841296551919393978535264 15.904813854663324220934356097486
0.534349958196222689895427490831669 13.3987554199157812536087233678878
0.505546656982795900269982655537294 11.2885708017064785055897677981374
0.478253761193327629031143058528999 9.510432732412222673704792737441
0.452376990350757305941616941845716 8.0114212740745482668102129344495
0.427834222520642729305958881083805 6.7474416305801874050994567685738
0.404552981321375062117000558740325 5.6815986836735252512775264848993
0.38246836214067346363000255234633 4.7829173928034574313835369166284
0.361521363518199469112363777745535 4.0253255818544154823369063510011
0.341657578344648125374275589620165 3.3868367075247575202411457996439
0.32282619379285029105856208688615 2.8488862217444116408454516181093
0.304979247821612848967751394276046 2.39578715106861417245146545060958
0.288071092508807769549028032263576 2.01427939994821058089461798853826
0.272058019191988277975457163896961 1.69315377655221385893792342843993
0.256898006375049055495989319100905 1.42293643941875093862753692658014
0.242550557767944630342358645823359 1.19562284787768823665986228426027
0.228976604070211572889878626491813 1.00445273748924080599940160319178
0.216138447808722799502429997392497 0.84371940995308935996152731609272
0.203999735498136131760898627021442 0.70860792647876458819715255529944
0.192525445535641703673400132831691 0.59505776737508715259887965580398
0.181681883591151116013175330233402 0.49964626784210616530286655730898
0.171436679881156386365927604411848 0.4194897281107891713659548564983
0.161758784715259585282817149134616 0.35215957044207310461177934358989
0.152618460186201291182003414877771 0.29561130624695133503262883030187
0.143987266936887549955368844105981 0.248124403824850753986842756322362
0.135838045673995612591546824957258 0.208251424550830117876484414096269
0.128144893583635234499145865564001 0.174775032197708746570021634330878
0.120883136105851897332341921966978 0.146671683267471696329072702074058
0.114029294691766367078731310820827 0.123080980850551450436864765676144
0.107561051240609394767021475119987 0.103279824689567516460456533427995
0.101457209923348453431363780329495 0.086660619125224608629413858151228
0.095697657068793034707695652939533 0.072712911275406845006904141634255
0.090263319732237291007170705188939 0.061007926579978777253746384334522
0.08513612349852594638250745202557 0.051185549868534427917853722777739
0.080298949998197363324656085170633 0.042943369243786982893631623123519
0.0757355945428320820468174612405867 0.036027458961926776209049322641605
0.0714307242168793284821276150979674 0.030224627569641977651774138688189
0.0673698367003954284320190206396145 0.0253559000814364339393650258105031
0.0635392200407513902975246196260838 0.0212710390412036944381957171369912
0.0599259135420972133934643655506729 0.0178439398554796065028371610681695
0.0565176698989087745745516223027865 0.0149687616289342629506055556667221
0.0533029186638895923388508798282326 0.012556676578457529538179141939594
0.0502707311101474175606292772572357 0.0105331395536415118733298478150335
0.0474107865226664111931373118834151 0.008835594764917124458953277820174
0.0447133399334550017717096990784852 0.0074115499561014815256292742791996
0.0421691912983764240194797537974704 0.0062169593314201583864691136739064
0.0397696561003216271733866981934243 0.0052148658768218081913439004582587
0.03750653735324777537452676832018 0.0043742615729812757029519948671009
0.0353720989735142546133918970754306 0.003669130612104608560923112788799
0.0333590404791691560393461240077168 0.003077646297393780440911031103322
0.0314604729734121388175239872577536 0.00258149698709606645813487789689492
0.0296698963656075653502072730038052 0.00216532038378296088012536275054519
0.0279811777812884080182359155627496 0.00181622878120323870716291682800257
0.0263885311116564899198443578672072 0.00152341066498892294969985854775012
0.0248864976527381123164677186130642 0.0012777964032218731793365635607494
0.0234699277846803447927941268890244 0.00107177772894540596816296783542228
0.0221339636423130279103401588903206 0.00089897236847470915524319993337349
0.0208740227291442280405892641124693 0.00075402655688754861297957272024846
0.0196857824281967088073243008752829 0.00063244934745127631952949130629315
0.0185651653645987354828461357357351 0.00053047360042322082133027054808747
0.0175083255763071982095653438008044 0.0004449393584368971917724326446035
0.0165116354511304031843169103302825 0.00037319600567853238283969574169
0.0155716733897543739513928379969478 0.00031302018729750673055699119072409
0.0146852121563780573161579658640467 0.000262546951767134444678208845940476
0.013849207880117713014673075597282 0.000220211987057338292915805563661212
0.0130607896721685560474550585006835 0.000184703164068912830163483014652032
0.0123172498252774759629574276469036 0.000154919888289826929588867383585693
0.0116160345638184539174063802003347 0.000129939001931161019906889863781139
0.0109547353142388747322513570770369 0.000108986181281781062213962438049793
0.0103310804672803000192746409465114 0.000091411943939725086387449021570657
0.009742927604733805729662715280237 0.000076671523149339543700429923648801
0.0091882561650311871406985173471728 0.000064307986107864117253082111740101
0.0086651605232291148782902751066021 0.000053938073476179178158601382828508
0.0081718434622913011641652551374761 0.000045240321545191548436961263370424
0.00770661001381588925946208573698196 0.000037945099164227455313211706863891
0.00726786164750747783308205209576082 0.00003182625081414089504222995273908
0.00685409078983408542988633482438795 0.000026694086938089974615690398909144
0.00646387565338040019173840710977666 0.0000223895043623425721083493358519242
0.00609587535940227707358819344827795 0.0000187790546378620403488911020093033
0.00574882533708305925210657393203928 0.0000157508074938257327123686577439887
0.00542153298390561703632572784273551 0.0000132108812234447300041140411150025
0.0051128735723177774851234093745763 0.0000110805324823713020305472608552064
0.00482178638893283782662966957666461 9.2937153131653498132670102604914e-6
0.00454727109291330942191109899747133 7.795033744565825027712398380128e-6
0.00428838428131000071661985167604967 6.5380245123160245686091338116513e-6
0.00404423624957035390734099638953748 5.4837166757975043518131188180729e-6
0.00381398793614530755916484246442594 4.5994234859797894533470982456962e-6
0.00359684804077441780279784169371187 3.8577290578372712891858298328583e-6
0.00339207030663046261591109960832952 3.235638437644757861287762311114e-6
0.00319895095698143924806279013275729 2.7138647193408756206736366015917e-6
0.00301682627764461912176662297108863 2.27623111217495303699386008232294e-6
0.00284507033690107859162745484401728 1.90916942443098816692782185391569e-6
0.00268309283515206611525750930296494 1.60129941689228951326743316118681e-6
0.00253033707685927886457416817079038 1.34307598593392654237543202134867e-6
0.00238627805786830320918379086738095 1.12649323903243239354365843777741e-6
0.0022504206615735116300272534922295 9.4483628889981787795845477076499e-7
0.00212229795769273758636393559350724 7.9247307157794970111170977858101e-7
0.00200146959780675621917522109123058 6.6467973463061705042924246923145e-7
0.00188752030233181156565667126079034 5.5749418239094154286552952934052e-7
0.00178005843342156614033033453014743 4.6759323755982620965131271896101e-7
0.00167871464923001049811687805741116 3.9218961128627406591052312838744e-7
0.00158314063465113345053788652255608 3.2894548730663932701054572458341e-7
0.00149300790438501519433364664855424 2.7590004122795147150193512733555e-7
0.00140800667402086998875421355288074 2.31408647717986474223869101169902e-7
0.00132784479558949666877836435518584 1.94091891051401661625841081481049e-7
0.00125224675336389444185875044150734 1.62792797884595932759361485582586e-7
0.00118095271716214848926946868785696 1.36540966715304033747531641346556e-7
0.00111371764933907993247165891066188 1.14522481634155869576874080822311e-7
0.00105031046258797698931221990700908 9.605467771432626892667813591389e-8
0.00099051322587722559038332405349455 8.0564975734155171274096933132878e-8
0.0009341204154286211698293289067389 6.757312991307494567880739475574e-8
0.00088093820826443503759252877059917 5.667633833475483966151559194791e-8
0.0008307838162094092404669410993866 4.7536754488286058125838129033593e-8
0.000783484857591100403330291627758064 3.9871012628633631646466932754979e-8
0.000738878764850208592663197515720912 3.3441442287466572592518699003135e-8
0.000696812225705873783983345035704402 2.8048699492683267008154463957625e-8
0.000657140656416992039442117609569982 2.35255863046493400094918828377742e-8
0.000619727704666158162436289765416909 1.97318669590576387200603597118323e-8
0.000584444781022916220018755763062913 1.65499199867887151859315364325338e-8
0.000551170617009050519492852126976622 1.38810914566949694465993567833278e-8
0.000519790848229703596432516268629696 1.16426362830878005501391028973474e-8
0.000490197621382560805518222102125116 9.7651527861879230564895892680531e-9
0.000462289223598109297404957026291916 8.1904309475300803565003351035859e-9
0.000435969732655088466282789104109945 6.8696476420513336142557269897879e-9
0.000411148687569509933274691276979897 5.7618529300700134470466744910908e-9
0.000387740777439440068052449549888704 4.8327004227404001368275943237704e-9
0.000365665548483091230632987738524285 4.0533824090347298453046265972471e-9
0.000344847127254782974359325911069463 3.3997366833279465267566828202231e-9
0.000325213960050543925856994507789448 2.8514974213027924361187872336713e-9
0.000306698566869754878347313407166723 2.39166684937487046713136112609921e-9
0.00028923730965673467065482078707412 2.00598824538872435426968222516849e-9
0.000272770173300976262889691216793967 1.68250391263851573270345646095003e-9
0.000257240559634912296342743930214822 1.41118444640521097193996059905732e-9
0.000242595092762012184072038001117229 1.18361777610942089908585200616285e-9
0.000228783435539889056112920903815795 9.9274835456496735665952521685534e-10
0.000215758116818516851260106965467698 8.3265840933697299134633103268167e-10
0.000203474368006725791258954328571957 6.9838446241516518643855055689535e-10
0.000191889969274696506772747033084973 5.8576344256012799510293150104164e-10
0.000180965104684991290996029441249751 4.9130361437299887396470375027145e-10
0.000170662224918421926580806701984562 4.1207631539716758127629228940044e-10
0.000160945918657693481146666970959308 3.4562515890519702081502618667269e-10
0.000151782790444188713338484572731088 2.8988987197775455537890253932202e-10
0.000143141346213423386407988545959225 2.431424206016144782913367246068e-10
0.000134991885034141974709152949616808 2.03933432755339019027511818500528e-10
0.000127306396789783084918670405252883 1.71047260467905806030514027138644e-10
0.000120058466154739396423480245454559 1.43464290782055703958977088013893e-10
0.000113223181694953449334977076578833 1.20329332782064272299156044081403e-10
0.00010677705025504939702197284559585 1.00925103050417815775258041531245e-10
0.000100697916174294007752158651071943 8.4649986709306718578078391902124e-11
0.000094964885246950948984947973378155 7.0999385077558634708227223240459e-11
0.000089558252640134388678901072312388 5.9550070303972581969688788983205e-11
0.000084459435713807746833764132081148 4.9947064689015061925654205592881e-11
0.000079650909513329444211907412912218 4.1892633446777172207813545610507e-11
0.0000751161470015491984942757327872007 3.5137054600961102546693592186141e-11
0.0000708395620487711348261007086758416 2.9470876109261486545524962286976e-11
0.0000668064556195693517553964626097046 2.47184217108806309965936541166639e-11
0.0000630029659539228133974499118179677 2.07323450802466927269342307853664e-11
0.0000594160201680415797224617070848315 1.7389060518424607360013517858053e-11
0.0000560332899157091992488396525592169 1.45849119157374236788418865466703e-11
0.0000528431485377605844854819472197513 1.22329585007139613774619355888117e-11
0.0000498346312900689633186898889023965 1.02602795153593770866869115046251e-11
0.0000469973978522228300919007746785198 8.6057134665084382650874010886522e-12
0.0000443216966317879190242462139323394 7.2179617184117873424181713617826e-12