1.63756542467741263226965030009717 420.36756082442639288109987815935
1.50522615464624285596174677474515 325.41220841559117407504113631048
1.38561936479830921886195452870363 252.884894671751581783187495977262
1.27754538236508862613036957230115 197.341682702151087170416563403589
1.17991950880634095618269213870047 154.685327076455638365109353016472
1.09176101221031938435601122470512 121.827615933593706676195045956917
1.01218310007201359876539399763059 96.437185744952613666317781493595
0.94038375665459466278308184103035 76.751023871698157542575499310943
0.8756373383821908253736021655686 61.433453997793786524380189833132
0.81728683154210518300528927730921 49.470545274909140712013797381933
0.764736690116335306324334839783063 40.090967106799515675154546325433
0.717446188794103079725157546717611 32.706602068870670478653706020637
0.674923247624997549722922366362988 26.867932909678170497270108533403
0.636718709930907352908859562617555 22.2304868655013664814312111453956
0.602421082253621900537490782920747 18.5295636812814279627909423552388
0.57165177100252490201948611431154 15.5611759598764277158486563243815
0.544060870503091089685277357866326 13.1676535404586078994422955126937
0.519323566244496411862167551542029 11.2267534407025417059170433688026
0.49713721102825056213986003772821 9.6434076077213982757832577545585
0.477219108572650259562535059285845 8.3434576837843810247401674481644
0.459305000693076978168970849511319 7.2688880811210315034948925529821
0.443148206101472285710513213959146 6.3741899200443060384638677094564
0.42851930966979508610673147341149 5.6235792626524421065567473026416
0.415206260003423063282577798369628 4.9888613330679581735635362852857
0.403014708069326551433801192714808 4.4477838117257921006057032469892
0.391768414600884382025157593879363 3.9827610833842312578233395848512
0.381309568992422413513782567433278 3.5798806456894090470079220872725
0.371498893614480572157095894501993 3.2281250582517823861605191107302
0.362215448809359823762529295886372 2.9187595371542656625228872448011
0.353356098465486060282709435019328 2.6448478482723457943025008138385
0.344834637928318452916313478623943 2.4008684904339269800021001455437
0.33658062057380654588004782660304 2.18241003732565875315300030592988
0.328537944051136140875063553608253 1.9859295222576089615936528784344
0.320663271225084658401867785322053 1.80856138225799492472218873185005
0.312924364931768360853331469746994 1.64796711080482552746789103848563
0.305298411544195234029324891596348 1.50221770068442148521028011540972
0.29777039830770901566173267401059 1.36970241379900581344029671841859
0.290331595847493533340941632062376 1.24905855198325659752139876533894
0.282978182351517528562930228506177 1.13911782743383566674903561867678
0.275710031448868249193806298254288 1.03886570806742256541923331575026
0.26852967296562668052248920541177 0.9474107786133193856667909031475
0.261441425262310241698567459037789 0.86396173167061731204722967584664
0.254450690002576883059501435425427 0.78781009412714522061709716069551
0.24756339489597392942143484495002 0.71831720926492031475506110623407
0.240785566901214374751245251603 0.65490433898936178872146555277781
0.234123017152990033821293078351492 0.59704503008630677583947196641637
0.227581119036505879028361518165455 0.54425911048668868058189540442053
0.221164661954023487117348919459824 0.49610785415361182572274395111699
0.214877765039543713024107380060855 0.45218998452695663868859509440459
0.208723837089651822532200988535162 0.41213828426046549729669919557769
0.202705571069582919935939256737197 0.37561665029884771063362994423037
0.196824963575300316083499701857045 0.34231748428474942308892631305675
0.191083351488459733831725601529534 0.31195934391511342536062015500069
0.185481459701417339945671455282107 0.28428480526269516297284625234898
0.180019455194969697684281385265049 0.25905850241622505650007236145353
0.174697003924773130368994735136177 0.23606532147878703584333497249016
0.169513327929265886400131098263059 0.21510873277842100699746917916865
0.164467260836970680694930554709839 0.196009249377960361207392019011793
0.159557300549322557521008273899715 0.178603002522575722499326455375752
0.154781658334642278893802881974235 0.162740426163853933415403105258519
0.15013830391383365033182231141061 0.148285043564042386253563751806723
0.145625006371187444858876541379635 0.135112349487037996931475076561143
0.141239370904040562159003646510473 0.123108781797368638336604137597985
0.13697887154867544038105354853787 0.112170776516999193681577702049879
0.132840880100595534544525548211595 0.10220390059297170041741438550823
0.128822691495850934313779369162331 0.093122056836512599272310778206216
0.124921545944591294418897610798441 0.084846755718365927616995831511289
0.121134648116026641459431936188005 0.077306448950541259791158016955295
0.117459183669696361305207654394136 0.070435920046380659345728245723183
0.113892333416130563807966118805828 0.064175727325719789243599544626031
0.110431285372920073196689556514988 0.05847169511267195133598771830943
0.107073244962507877763729131929094 0.053274449155681400839007638401357
0.103815443576930448136594152283976 0.048538992577594150675411738289048
0.100655145713483722580561909121712 0.044224318934027444943248697638505
0.09758965486463129644827628132548 0.040293059218412026726415329181283
0.094616318325724120715212460803659 0.036711159899483422396763274709723
0.091732531065777114835631244485206 0.033447589310764852557039347145256
0.088935738789608316408112198706334 0.030474069930742361208907622955957
0.086223440304339754846602035156311 0.027764834297016096441636605500121
0.08359318928919231798584774568041 0.025296402487432490766968984969002
0.08104259555521509271479422168758 0.023047379277127297902946355182676
0.078569325870503273837673328133906 0.0209982692425212451602307781009115
0.076171104416450962001492179731956 0.0191313082323808709070228602453796
0.073845712932174525914594717895445 0.0174303097633718732233387954267621
0.07159099059638211556360276290652 0.0158805250230393304276017910370635
0.069404833689454155105187122376094 0.0144685152784454434016210986206785
0.067285195072470026805802192911312 0.0131820355939236914779002934613793
0.065230083515059805503705758473436 0.0120099288579051032266726972079732
0.063237562899228350323795060822271 0.0109420292065933381376914767254427
0.0613057513226795521184468240100845 0.0099690740127985197010660138586032
0.0594328201216604645919443603983547 0.0090826236815101955356950804715982
0.0576169928305754026717843225114689 0.008274988560814885666294397132439
0.0558565440929144264839028860034791 0.0075391623377514571232795434278313
0.0541497985360793259682651755887051 0.0068687613445195817284793193436667
0.0524951296206757638714342033939331 0.0062579692512007359328735848853955
0.0508909584733149945919129266685473 0.0057014866675288148944043120799434
0.0493357527103576988724016064602417 0.0051944852184227470182042298551371
0.047828025259243214906362851802017 0.0047325656966654393104721784878201
0.0463663331825674674509777003521883 0.0043117199310716587461705877895754
0.0449492765094289999014623281913246 0.0039282960406020829872489011477153
0.0435754970778280669352656802018162 0.003578966774069972004775071463417
0.042243677391045762600066409465184 0.0032607006616402470752209875488455
0.0409525394906969498271522475827999 0.0029707357286650666392505017826625
0.0397008438482079493326490701998342 0.0027065555443942335491183252448002
0.0384873882766227642224293885397897 0.0024658673983916583754450961645361
0.0373110068636946679937850091451014 0.0022465824157225844274706385697086
0.0361705689275875909588160034594365 0.00204679743886483795440124100463982
0.035064977995540040390103807565189 0.00186477851941367414321136597106001
0.0339931708062269226477060745246197 0.0016989458766828477742701602383275
0.0329541163360703880404172820827868 0.00154786019292197145116984547594718
0.0319468148495730522825401602750469 0.00141021012642977058109503679415205
0.030970296973906173309502168446765 0.00128480093441767503232305549121979
0.0300236227976337806526408866311178 0.00117054410703660760514815967223306
0.0291058809929884222328481152107885 0.00106644792269174250737244611421238
0.0282161879623389724070295252412629 0.00097160884290084211217530631050861
0.0273536870077077523284707221822335 0.00088520367200345707416732480550732
0.0265175475232838967061410717504753 0.00080648241379984195482488969516445
0.0257069642109572468371389611685153 0.0007347617632269197770771063605263
0.0249211563177660913388297547452611 0.00066941917657252685118465895584067
0.0241593668950069331193570576934778 0.00060988746883752988152242599827509
0.0234208620793458541155479820728499 0.00055564989145604669481764267065577
0.0227049303940197950913439796931281 0.00050623564756767545625700785026149
0.0220108820708074797523967876913912 0.00046121580604279187538433956484964
0.0213380483918918640034423703346504 0.00042019957878513171404823698347387
0.0206857810509965163877970645031928 0.0003828309290132316400753300771801
0.0200534515336283618503305292799237 0.00034878548111843542547427326111269
0.01944045051523892567009634373761 0.00031776770525266464322309183313846
0.0188461872780367843302694164942699 0.00028950835228740726098153740403354
0.0182700891446116215963305915688711 0.00026376211681486824193628035151632
0.0177116009286596457885392218264659 0.00024030550795849476504930272802103
0.0171701844024085420581667785516771 0.00021893490951756671079661459322862
0.0166453177800212126786147372667157 0.000199464812600379517961639188521899
0.0161364952160417433749738356410812 0.000181726205394512689746237878386859
0.0156432263200942771480481753247155 0.000165565106161469585305589892203944
0.0151650356846021347193485138195112 0.000150841226625072332851551720017096
0.0147014624288818673524801750995431 0.000137426754283230262095080004920727
0.0142520597549148222671816028450543 0.000125205242935002914075205548258593
0.0138163945180984351802841716058213 0.000114070601913026460935051594727627
0.0133940468103570264477387231211471 0.000103926175178854862788288795252662
0.0129846095558725612384805843538521 0.000094683902310655507041358017838781
0.0125876881200706638919946653170422 0.000086263554122214553799373209499044
0.0122028999284422677320090286145804 0.000078592036211065458803124254829297
0.0118298740993433717124281353981869 0.000071602754491077010704803116618919
0.0114682510864214277095852143233316 0.000065235037113551584269885603840784
0.011117682332670050875538763067151 0.000059433607809984931750283463838971
0.0107778299339208529293417341610468 0.00005414810605136354670886941029205
0.0104483663140538630449665419695127 0.000049332649903433035466760011222741
0.0101289739100290618423308050468097 0.000044945437752459350575399145791479
0.0098193448648724995299787932795961 0.000040948385426169927132177317103697
0.0095191807306261844670951207475189 0.00003730679559661273195386828301664
0.0092281921829703094685157002136506 0.000033989056613098374892783490266657
0.0089460987412205390053817938476794 0.00003096636807567628274650080253875
0.0086726284970935866764622125929605 0.000028212490819697629457521159803506
0.0084075178547347464474270847788693 0.00002570351916442463738065930924676
0.0081505112745533260686119072883946 0.000023417673374084712295525655985031
0.0079013610287364495724422443674375 0.000021335110612488083202808243099731
0.0076598269611572066458686356262769 0.0000194377526815294548569361372728079
0.0074256762582906014979490692695756 0.0000177091291085192178589981388983138
0.0071986832219921475984139016607901 0.0000161342341480720756942759864433789
0.0069786290528480567169529742680818 0.0000146993965299273421723488715645631
0.0067653016401786850161341130395967 0.0000133921607884918128663668730907318
0.006558495356845723389936600527583 0.0000122011791352003158518525411721741
0.0063580108622787297737499059964925 0.0000111161129583420410852955993005065
0.0061636549081512643398810614618134 0.0000101275430640267063817909415251957
0.00597524015334884320246276281309127 9.226887918430199068781373952195e-6
0.00579258498480042830529426441204355 8.4063291598573560808360664654071e-6
0.00561551333891501201325233374268111 7.6587437133272863293120140150253e-6
0.00544385453775549583088568339559097 6.9776419824555696144772201223573e-6
0.00527744311399338179542479330180339 6.3571114723135260982313238284876e-6
0.00511611866690879639871095111305505 5.7917655250894926388933943290827e-6
0.00495972569237672021170460127008569 5.276696501145810644461592998427e-6
0.00480811344277220011167361270759313 4.8074332135216695378218236978932e-6
0.00466113577769376042362710480659464 4.3799021004286624001365593881486e-6
0.0045186510242956296669367828155613 3.9903918677209420219598700409115e-6
0.00438052183706958640817700274818424 3.6355212627245078742427727292545e-6
0.0042466150801158666894108480252317 3.3122097593348133882455796455215e-6
0.00411680167365499166283911817327832 3.0176507530197856315188363252153e-6
0.00399095648933020821200987300055833 2.7492872481446977978206684512942e-6
0.00386895822423820380477163182648688 2.5047896467926154167249859148785e-6
0.00375068928692540380749432790558846 2.2820355311436962337645445198607e-6
0.00363603567178801120035492669932009 2.07909121638224326909760483959588e-6
0.00352488686717746272189365598929192 1.89419499876917976627057408560578e-6
0.00341713573434437424725578451976679 1.72574183588801651549663739039416e-6
0.00331267841062041797948288239803051 1.57226942558019699016570423693149e-6
0.00321141421257820238172551021474753 1.43244551590929773904835044400946e-6
0.00311324552283667995890211770359111 1.30505631810085815297963938508102e-6
0.00301807772024671690907725130792158 1.18899600338457372847836313936369e-6
0.00292581907032666028457900771166073 1.08325707832227512162842430790952e-6
0.0028363806487895720232205722340121 9.8692165367051321554334213122061e-7