1.64759058667249556810250253365938 428.22680619208116703274253197527
1.51442020478312203794589381709598 331.49554744770866240673590084302
1.39405940528105807991169156705317 257.611295612241616907796342281003
1.28530080988729641353508002898148 201.028420526463878207273270299514
1.18705267682476666640969860221254 157.57313787791729203047575310537
1.09832781980369746815926555793083 124.099544843109148325957803965272
1.01823351460567446574478522055338 98.23272481931270275463893964983
0.94596227766646212151738404649885 78.17672950151550461691569267615
0.88078341058902063615728596680954 62.570930716663415028722592724992
0.82203521559896296022709020487051 50.382457608540895587654949611323
0.76911780065270751992956726641703 40.825573399291303863273330420155
0.721486410121858363849967758627282 33.301179297519150749487431454892
0.678645238109590713282829519237952 27.351368384574820821177264885385
0.640141706019604781301047261891591 22.6252432610645974330252408589323
0.605561212232445239619014991950191 18.8531720124631946673628912143923
0.574522386456847347095827843410799 15.8273723997129484336787590252751
0.546672900115961041055356216985443 13.3872470355988626016548229859236
0.521685892186506448615639059695186 11.4082894327959104114990174491581
0.499257063273790446042905153888989 9.7936769626927247080769245224703
0.479102467757151006086331173995428 8.4678877930026906407688035692263
0.460956996409879482046960199744544 7.3718440041701750739156076428306
0.444573495493323045031972208605303 6.4592066250790282662987624938693
0.429722421141449705803641401606759 5.6935409171632491730732664153455
0.416191888802104702948490673902583 5.0461397781481120466784452032633
0.403787953917509028208124112183051 4.4943454948830507998175204882754
0.392334955872695490121248801589802 4.020249584780360127906629166935
0.381675772415723051214930289878968 3.6096803248232882041462845194082
0.371671862583581039252239291455551 3.2514101314095871749204745601519
0.362203016722937939914527627380207 2.9365319640948869568213017817333
0.353166775870705329115574096823749 2.6579666812428059282815630708354
0.344477523620103472150785370058977 2.4100727637535044160364648760331
0.336065287240866921279272695914999 2.18833681314565836858398912223906
0.327874308714044550719656956745911 1.98912833248151952898154229158612
0.319861459749046214031781281081983 1.80950600178728052842139620392099
0.31199457850343323188979539820677 1.64706535247132085007447606464062
0.304250801364799242111978219265016 1.49981972947356826672741641821762
0.296614953043989176102233425784401 1.36610793030123333258890484339344
0.289078044741198404733457883735831 1.24452308568454367372925562370144
0.281635915425332767117741603580982 1.13385830268304345042428276211571
0.274288037029873786325014724026561 1.03306539271394137049510765768524
0.267036491807520666767319383968241 0.94122369124211461215273932213918
0.259885119883253977879029129723135 0.85751656270065307600986897913712
0.252838827442161694326462283908493 0.7812136843776803774822746812209
0.245903040893686172456142886123291 0.71165762353738800257169073661748
0.239083289463562526102171494540951 0.64825356929841574287306535388718
0.232384897562941762231329621388439 0.5904613617652082460728494549288
0.225812768525064396659426252040356 0.53778918346273316798509501065355
0.219371242465349038091870885941463 0.4897884506851777248560074146093
0.213064012752008881608860081022338 0.44604957337719917874735631486813
0.206894087584580222736680889013928 0.40619834959111707275725412449864
0.200863785256017316975133201113944 0.36989283156956065021636483837288
0.194974753673305833512766340099599 0.33682055122626093312377497952976
0.189228006542946828651078168705463 0.30669602832877604291800500467744
0.183623970241414991814041468175692 0.27925850907732455830535395183263
0.178162536771196049219824067688355 0.2542698991877862746563426672964
0.172843119353071594226435405694164 0.23151286640392123468917601985835
0.167664708142220327019594265171682 0.210789094347145777556166204236417
0.162625924303051650393820862685336 0.191917674029393990051962741030942
0.157725071262026877638250125337426 0.174733622099222924056631530652501
0.152960182404934605354068548054836 0.159086516576217515145921933994797
0.148329064820906262761701347061698 0.144839241870607142694721796788869
0.143829338940911094932783309419292 0.131866835549333866613314583295269
0.139458474092826937146994805738566 0.120055429768662385432216027369309
0.135213820114936816472111216169425 0.109301280651829302123179044493388
0.131092635246986464374384397767747 0.099509879204835846769044529658088
0.127092110564106156859005061903737 0.090595137668375610257069009204464
0.123209391242222821330395077638297 0.082478645512689901683078438276684
0.119441594950116364850218742764677 0.07508898959800747929566015126151
0.115785827658511612786954447159159 0.068361133346293818020417484988214
0.112239197144506394422296860090324 0.06223585009666630551088274751044
0.108798824452366947358783657586241 0.056659206141148399318795396450837
0.105461853552018542810073405513412 0.051582089256527231793424175470935
0.102225459415747388548392551601829 0.046959778857704428299887275590596
0.099086854712485758612965580870041 0.042751554194754008784362976985804
0.096043295298716706225928602395056 0.038920337298534042291486825560843
0.093092084665574257599085074031559 0.035432367646119533550734508305051
0.090230577483693133184665874721775 0.032256905767256387683770581791147
0.087456182370693318825395243636985 0.029365963245929044801021977716457
0.084766363991189485644535398016378 0.026734056787488908282398634663251
0.082158644585489283799710243141975 0.024337984221615418994093886568846
0.079630605011013436436785592549044 0.022156620495796710039165359654729
0.077179885369625692887389980170722 0.0201707318835417176915106114028425
0.07480418528446392433008930398003 0.0183628067871286129896188587989125
0.072501263881420962791042927435245 0.0167169016572725435818947364971105
0.070268939522883321064163774732692 0.0152185006824788618675775503233551
0.068105089334997156755927179118074 0.0138543880202358905177869545460881
0.066007648563852062873395853567897 0.0126125314509823753925180457141666
0.063974609791198115964599713564268 0.0114819764353316397109645548004333
0.0620040220358104136322969137223326 0.0104527496456095883888226246979547
0.0600939897630044756184272271499347 0.0095157711255621455263007660675214
0.0582426718215433868028048021050164 0.008662774307468085762921580248206
0.056448280324260386124765001153262 0.0078862331845623340662406258432885
0.0547090794864561090384767650368283 0.0071792959993782045514800246705322
0.0530233844338202949446702075219938 0.0065357248655748519634901568886914
0.0513895599900427989405572963336629 0.0059498407928967263740881973099492
0.0498060194526381763272791517154433 0.0054164736322151153694544639657436
0.0482712233639294696497356769870542 0.0049309165006583697380591450244639
0.0467836782834687508134968297725935 0.0044888842862981006248606545175864
0.0453419355667111166682797627558175 0.0040864758674719622344980273826624
0.0439445901541696261014842267396965 0.0037201397145122312130248653477195
0.0425902793744903333243957116007337 0.0033866425713098444609850514616686
0.0412776817642088541022651726252584 0.0030830409411671350596471483643045
0.0400055159065280267250113375196409 0.0028066551260450987709326166466247
0.0387725392908913375557438012042109 0.0025550455907079728727037709464322
0.0375775471946991638618635071405729 0.0023259914436900218345994930887083
0.0364193715884694483971198240142821 0.00211747084566735749328954392397192
0.0352968800651340115398617781079083 0.00192764317268502192972549253279366
0.0342089747939717496302996931529271 0.00175483277713680507924666219306296
0.033154591499700282268914436559668 0.0015975142034826160498374340104113
0.0321326984669554333194381244583389 0.00145429872845484352296587956529349
0.0311422955699760283789049188710984 0.00132392210712207823722298537346247
0.0301824133277790175329107483165589 0.00120523341687600990274540081831548
0.0292521119844661864312616432882756 0.00109718490098643190833293465202954
0.0283504806144744810609633275816808 0.00099882272220835698755451526553331
0.0274766362524156764560517165115441 0.00090927854492481201248623797388075
0.0266297230473681338044794471677968 0.00082776187163276221844370907763333
0.0258089114407606020000327522667317 0.00075355306615334488466720601503771
0.0250133973679582150798429645264643 0.00068599700210094119425382618228446
0.0242424014830340015680815537562085 0.00062449728058306656315911609529563
0.0234951684051446273733101451803383 0.00056851096604728174979385357945782
0.022770965988232943402592992400322 0.00051754379402466175701439968007227
0.0220690846110065454954795545245374 0.00047114580829202811018364621053306
0.0213888364886953306265110901918243 0.00042890738912451741855101389809423
0.0207295550046296961258284310614097 0.00039045563749425215986933043264954
0.0200905940623358796122613871160109 0.00035545108339541424737905160693755
0.0194713274566852300971177143464399 0.00032358468919066504149682770713116
0.0188711482639235014733938149464996 0.00029457512156225242602947592802824
0.0182894682500512798966991970017912 0.00026816626799440944890653157284562
0.0177257172973898158964326349742306 0.00024412497588556152227900035946282
0.0171793428478433828326841240842208 0.00022223899429398941473842704136009
0.0166498093639608913180779755264937 0.000202315100222614536199392658327299
0.0161365978055293400351779692134003 0.000184177392829527494035370182141699
0.0156392051221957428740506806626363 0.000167665740554723299222096720433094
0.0151571437625335271089085346757201 0.000152634367481485611028216369860972
0.0146899411962494114767671751168996 0.000138950566360915578841931158266918
0.0142371394531019271857145344419961 0.000126493527071771066216444444791457
0.0137982946740025281553595205299534 0.00011515327004506612578679152000396
0.0133729766775944238591171699227858 0.000104829675349591528362936464502564
0.0129607685379114244065104202397886 0.000095431598760304254608676158111242
0.0125612661780159404317670345727198 0.000086876067139729483775601852380338
0.012174077972752089625118862436848 0.000079087545873687321147171785497285
0.0117988243662096404330217458760509 0.000071997272035468047970810437173322
0.0114351374998701232396066415660813 0.000065542647306112587115546170016493
0.0110826608524797938310555787696859 0.000059666685323751959068734020794794
0.0107410488899705058051800943161937 0.000054317508560707320303683702486317
0.0104099667282784055397120211299023 0.0000494478903391461928509670046189
0.0100890898040857758432059693389612 0.000045014837865670960663977237131606
0.0097781035582453425141138390623368 0.000040979212683482975543473049159555
0.0094767031256936834696771392196046 0.000037305385106598682735777376190568
0.0091845930376485848833675186670518 0.000033960919671179072748165683519289
0.0089014869338534837921965033787313 0.00003091628879164595023644371607234
0.0086271072784071281602303692956538 0.000028144612030113543534484157508747
0.0083611850901522886704272843875187 0.000025621418804652436018144887236536
0.008103459679552967694259828766158 0.000023324432347884553291506351857914
0.0078536783904294313154364317267068 0.0000212333730061925512212296468467115
0.0076115963560023913222050015030136 0.0000193297792286226996128746447341511
0.0073769762557695891035738065123093 0.0000175968445474256342919501400224866
0.0071495880840305394997496526123168 0.000016019269208466328258087696235145
0.0069292089257065297265598479952098 0.0000145831251014716284316186137981562
0.0067156227349096947384316825494402 0.0000132757327722284495185429264288864
0.0065086201274878461950401619143533 0.0000120855495060191279173570827825258
0.00630799817082928044491544380432838 0.000011002067389052102654972241535514
0.00611356018809957830241742795572526 0.0000100157205561017156077566640808965
0.00592511556563641033744708898051892 9.117800735106167696470597530266e-6
0.00574247956455463334981018797135649 8.300380355610698276462778236682e-6
0.00556547314020979450316915112216384 7.5562425611024925329660006233327e-6
0.00539392276591993690054885689697484 6.8788174900262164190309558183903e-6
0.00522766026579954119011542902710398 6.2621242833562682231802031674206e-6
0.00506652264486583599406031250849628 5.7007182613427020918496081059543e-6
0.00491035193502192390218838220781678 5.1896428750115425534154773453279e-6
0.00475899503774523658193569673800298 4.7243859354733004304899259309133e-6
0.00461230356883557482548057279800727 4.3008397619858905581001476939718e-6
0.00447013372411274297493564621494166 3.9152649496662321536917070176524e-6
0.00433234612821196260357413584997083 3.5642573242465878428959004143815e-6
0.00419880570056641695826190078469253 3.2447178965488949882204732638868e-6
0.00406938152974736250302357860050166 2.9538255176561177213266282892165e-6
0.00394394673391435590876843329955027 2.6890119446929829482558355200538e-6
0.003822378344417714952233167923263 2.4479391855018920929126083113612e-6
0.0037045571849976963915822572884707 2.228478854976640901835653299102e-6
0.00359036774919308002079415576731572 2.02869337303959574987991612514995e-6
0.00347969809233130563871193921785387 1.84681886850355978589099688135829e-6
0.00337243972213950245902140440437261 1.6812496058718085871847623757085e-6
0.00326848749018303125952800737782395 1.53052380462608134951285160827765e-6
0.00316773948195921295514311135669078 1.3933107246557028349455922014375e-6
0.0030700969389552573681850323551794 1.26839894762561390590641469243026e-6
0.00297546413352088153465133610021535 1.15468564267171807687524709282462e-6
0.00288374829067398732175811003321135 1.05116685206594366832534514365594e-6
0.00279485950123332614147399211053972 9.5692863074961245304237168103242e-7
0.00270871062943581000099064677432822 8.7113897111122969140246074586989e-7