1.65946657886314490500564152215808 437.66229067267670317520344136373
1.52531175674887155393865434273745 338.7989080199260674146742673881
1.40405785384340960925010284297251 263.285533431309194990681674605568
1.2944883662742099576819787860777 205.454447225880290462414754720347
1.1955032122092344969401509235273 161.039975196738591461769052480605
1.10610756426668005334514367434881 126.826952908452811140714986565025
1.02540167814900201073616191098755 100.388175710267051416175027335164
0.95257160211232269090269682606211 79.888154227597518962204164883817
0.88688066173365730412839413643842 63.936304367820212100393888629757
0.82766162579382179202660072049639 51.477017014423717207267320692535
0.774309472950755975086998352434763 41.707260298425496050024975586097
0.726274696050147981462725173196695 34.014752035805336154431175576546
0.68305710172317873399947163901024 27.931513373039817136058456181458
0.644200086798678396401426747059266 23.0989340459838341637220898818682
0.609285398244573641882000380650895 19.2414615823497147976032407032159
0.577928406748176904781270611694763 16.1467578743311935505148944183692
0.549773941456331027957227069249005 13.6507111395670063328898905859071
0.524492740310778598909326752634318 11.6260971669400756194299767104074
0.501778563203292805783130566762356 9.9739864312742966476915185622387
0.481345992471580684514662967680249 8.6172195731305806383125252746457
0.462928908969976533929234745202462 7.4954425259154383265946674919634
0.446279587428170336609143694881855 6.5613188505912240235832000785154
0.431168309896037800067911892461554 5.7776314800999143527547813437128
0.417383359220559239106374268776454 5.1150571578985516481415175516266
0.404731232639487760726243828563869 4.5504503669477070174657801906454
0.393036912422538924799909482938435 4.0655139165182154453931024974533
0.382144045894927959578294901235102 3.6457638519612502131597675828845
0.371914917583434516855907398670812 3.2797193861714763240728992246066
0.362230135907829341507400768920574 2.9582659034835914768023140728307
0.352987999412735446452663171316751 2.674152090341887591677748161603
0.344103547241809039158342008991078 2.4215919171740562414668777374957
0.335507331123283301063049397486465 2.19594932213864609392069815319597
0.327143969108495378066065311851103 1.99348865541491543192488913559178
0.318970553995265881356734387120993 1.81117773188927576157643779856337
0.310954992524851887669171423416585 1.64653310561070695105606474194737
0.303074346802734629266536441762837 1.4974992262291534473054414713141
0.295313239206464579446666923907097 1.36235469194960148138213828586671
0.287662368645243226854536880127619 1.23964003462578293098101811997961
0.280117171528315901739626177748281 1.12810246597190835577576245066845
0.272676646850870562292577665479497 1.02665384478095840808852304786731
0.265342352568325371631672660436176 0.93433883129571513983892950260832
0.258117570546093873052475225524862 0.85031079736586925292092927462711
0.251006630057199541943880547825091 0.77381357169903046602911194633068
0.244014374948321242022582604030881 0.70416752661094050711066179455568
0.237145756894064301927916742967103 0.64075886365657273438994355466417
0.23040553619452894461677944479728 0.58303123831315337641897175893918
0.223798071902146540050750290298795 0.53047908708602087687173210326028
0.21732718428003493054473575986141 0.48264219297053670448181946735165
0.210996074345305182654158279906217 0.4391011559248760346486999508943
0.204807287259402875286002134608366 0.39947353208526364547566511966084
0.198762708388906922122852969891284 0.36341047616316648956493191801111
0.192863582834781636435266673629212 0.3305937720019392699428967079613
0.187110551029568947848339777988952 0.30073317172745011236501072144401
0.181503694585930891685554676696052 0.27356398835556138541163316580633
0.176042587931277294774256805944185 0.24884490325085326756985962632634
0.170726352386967239045180598919434 0.22635596082623427497160710845864
0.165553710264354807639580313736611 0.205896730070189579823323549257688
0.160523037277446369355839427402069 0.187284617135655999951910495078265
0.155632412139679547081162632320517 0.170353316201518849636994616314547
0.150879662646560746452601624706076 0.15495138772906822081124711885438
0.146262407870543655578781018822636 0.140940954486076505279772150044915
0.141778096331831675987831574013948 0.128196506568407975766116284453717
0.137424040176721844298832255395446 0.116603807279839424510341425825999
0.133197445509754242850481493233817 0.106058892240216691940669417656641
0.129095439099874215274868285518706 0.096467154539839408337568339727501
0.125115091724338740921370939789213 0.087742509177052364224462816042773
0.121253438435459430332218703982212 0.079806630422733175163909114628876
0.117507496040861139572555221011997 0.072588256155781287876516710519299
0.113874278082388617078601435931354 0.066022553607982381388116820844044
0.110350807586218731716969838291132 0.0600505413436459990539241224054
0.106934127839467091042650834597909 0.054618562675336028398646856114106
0.103621311428955693047306791930356 0.049677806079548731053753615294095
0.100409467757031385310278519857073 0.045183868522340998628993757524098
0.097295749228640320391045439587163 0.041096357933192952073884688384554
0.094277356283640760287803134169642 0.037378531374094909432918427541437
0.09135154142940737254368244332966 0.033996965739954912841107801845718
0.088515612410960938558164286369587 0.030921258095193265355576872891633
0.085766934639642300873179543836218 0.028123753000657615592103485914815
0.083102932986625352462017090378788 0.025579294415121133186602108077902
0.080521093034165318287785377431578 0.023264999967335447535907017380672
0.078018961865732398330465047633958 0.0211600555892748928012487853623156
0.075594148465523421138420753036843 0.0192455286793827735629646046300091
0.073244323788541437311852620493181 0.0175041981277987643952588166683697
0.07096722055422677753605425034969 0.0159203996846274520015918342755141
0.068760632809372950421460465056335 0.0144798852883628365008284345218113
0.066622415299804401682008337315566 0.0131696950957474734574516039619894
0.064550482684645804752301508624263 0.011978041067399211369058068861893
0.0625428086224793577814511879062972 0.0108942010667878255861104178885615
0.0605974247541620252486430360713069 0.0099084225238031122033047834677898
0.0587124196038065417804740703385398 0.0090118347998433339823131019152629
0.0568859374160410317055832298106494 0.0081963694690070607099771169281202
0.0551161769451349184217589185834123 0.0074546878008833667260312893779034
0.053401390209126601872957320939893 0.0067801147948168122844315045874277
0.05173988122009924263896700485924 0.0061665791741815319226545066826435
0.0501300047001145312152742223028902 0.005608558802590419727143907805899
0.0485701647906146251812670923610639 0.0051010310324326067761761152482722
0.0470588137620568700730918752803024 0.0046394275403941922624275490395507
0.0455944507292972393651520029638013 0.0042195932447449644329909861450651
0.0441756203773211714267750023419233 0.0038377489357507159885249435448606
0.0428009117010628506464810504993429 0.003490457283826317721683713165671
0.0414689567625972180115870910606434 0.0031745919203717715614000775514754
0.0401784294680046757234572928629555 0.0028873093136638927195905648668982
0.0389280443661017018981602756884753 0.0026260231873359495967937940352324
0.0377165554705257439452921829293338 0.002388381251698757724655624947279
0.0365427551064069977393948967380368 0.0021722440389250272369590763090376
0.03540547278253819653947405290801 0.00197566565198285813318004199666332
0.0343035740897843013835021443676948 0.00179687625438450207020461340578625
0.0332359596259694156974808401652382 0.00163426614338481684932330162655284
0.0322015639477062923120049169144909 0.00148637126354494386549238477916285
0.0311993545490536701584843538156919 0.00135186003043129605530715138011538
0.0302283308670788966267898519221687 0.00122952134603416751190073280992061
0.029287523314135455237650582182161 0.0011182536981624883773014367373179
0.0283759923366288797339010966501937 0.00101705524581309589928620388662768
0.0274928274998779738878037897648947 0.00092501480135757788199814953684696
0.0266371465988024479436343023115525 0.00084130362846676644664290651928458
0.0258080947940253146673863983674276 0.00076516798200723801831842087924599
0.0250048437725814878193715314375765 0.00069592232278085925192818512102241
0.0242265909334030099972389795857832 0.00063294314613684766788951793678122
0.0234725585963789723283401277845607 0.00057566336887538984904848848085084
0.0227419932347184368635686198676153 0.00052356722397401518587350883879267
0.0220341647304340755082509011361949 0.0004761856172283812708980723931577
0.0213483656516105189010789042069829 0.00043309190397051180554788071024872
0.0206839105515725368051447129235355 0.00039389804791400407411173466207524
0.0200401352891705982059561605115471 0.00035825112754201016766418691474583
0.0194163963696054040772537179525478 0.00032583015859715513043130291051599
0.0188120703049949996565123179101322 0.00029634320406585547831354271291319
0.0182265529947792998307354165787876 0.00026952474568057531110471463537916
0.0176592591247094084149552596335501 0.00024513329324435704266246431097925
0.0171096215843870818856308577145688 0.00022294921028553896432359693985828
0.016577090902319278007503087187224 0.000202772736448807527277203494876484
0.0160611346989300683788463112022741 0.000184422188859654621151988284748433
0.0155612371556889617874625056454842 0.000167732326217969235989402764699935
0.0150768985008156959864432008478304 0.000152552860934279454334440916290281
0.0146076345112681651896928433181677 0.000138747105915827901693144868094388
0.0141529760292427290897750364345741 0.000126190743779869140948684464651554
0.0137124684943026996715980098959971 0.000114770707464290802110018804039924
0.0132856714898787765718356552272065 0.000104384162129978029267105841605851
0.0128721583033142675373953586855242 0.000094937579181761814251931418114249
0.0124715154998498697161328850616221 0.00008634589409316563254567800347178
0.0120833425099695354042934088327613 0.000078531740445740468141529292962691
0.0117072512294668250377913361518339 0.000071424753280901229827241855624591
0.0113428656314999634634183925999172 0.000064960935486897354606952843884017
0.0109898213912061811885174417866422 0.000059082081534613100769290050691221
0.0106477655214794513888379735526235 0.000053735253353874749998681298189093
0.010316356020608036908236822407343 0.000048872303649630533960653196579749
0.0099952615304671203743330909227269 0.000044449442349374588038539923040973
0.009684161004840114748970478900745 0.000040426842279597481897223964366144
0.00938274338962145079687633885522 0.000036768280547727597159655293143452
0.0090907073114573276979451749313254 0.000033440812357249709136442209189336
0.0088077607758244118277863095054162 0.000030414474340811465848618930075404
0.0085336208766601885520586476726117 0.000027662014764060608910972458779855
0.0082680135120800999348951509785204 0.000025158648113749284684043173342234
0.0080106731118214352319992984532991 0.00002288183192407439030461709314811
0.0077613423705650914674435682080697 0.0000208110637747632864587706316721939
0.0075197719912967069616340050664516 0.0000189276966766280709994644884216656
0.0072857204358711947036783236911497 0.0000172147711572795731295528228383451
0.0070589536842386204049591421545302 0.0000156568625491663214382245519238035
0.0068392449993239115756824683320733 0.0000142399420847718776987565322516096
0.0066263747018489135263487317016246 0.0000129512505801168022802471987635047
0.0064201299485088699024479395352405 0.0000117791835267125306170392120487528
0.00622030452198071889504952474850283 0.0000107131866117683674890377283601678
0.00602669862297427896612392133248229 9.7436606671645398002417760064956e-6
0.00583911866931375440622610821193819 8.8618752257536939987800583679675e-6
0.00565737710649450897949270469729698 8.0598899245350410962372161358505e-6
0.00548129221439355165222781484788114 7.3304829760367874263018735289387e-6
0.00531068793254197330763597698501714 6.6670861675701828465458869063481e-6
0.00514539367764138962875619947480087 6.0637256878815811639444263872362e-6
0.00498524417576995294131379969599997 5.5149683461900533329270586470365e-6
0.00483007929769809960568267336698359 5.0158726486360188214560277630126e-6
0.00467974390005366182021673377082317 4.5619443038135720089759345974516e-6
0.00453408766336821596539703922986464 4.1490957317616891864453568699635e-6
0.00439296495129710504370549334428817 3.7736092848018198217988635168935e-6
0.00425623465952737951616245637378114 3.4321037533732818723799737513391e-6
0.0041237600740375182396542611209556 3.1215039179962579024586176347081e-6
0.0039954087370152242842729730190581 2.8390128640395395159893927500677e-6
0.00387105231274596381013336883345935 2.5820867917362332186250914611491e-6
0.00375056645990627474178651069783257 2.3484121111322027241445467259818e-6
0.00363383070923040154910253757957469 2.13588461198153352314632964336301e-6
0.00352072833943675176004001636665666 1.94259050847344084367037779810648e-6
0.00341114625876804734106537694899152 1.76678920403826342753314974768346e-6
0.00330497490423321192628957792390993 1.60689763710617487502193213348188e-6
0.0032021081128595695605592093219101 1.46147599527569176479084271420003e-6
0.00310244303482648836785284906546234 1.32921477943806941894333636906097e-6
0.00300588001381096146321230005919373 1.20892298775007337521461076284155e-6
0.00291232250231071781007461158981213 1.09951741089075987982076718311401e-6
0.00282167695317027308475164246036694 1.00001286250772165386358132015185e-6
0.00273385272927915095168704472563998 9.0951331268426874544376758271899e-7
0.00264876201815138767896392634039859 8.2720382461459384173346238075843e-7
0.00256631974635285979295995065572355 7.5234321698845098052524947192499e-7