1.19502029810047142396457212890897 160.849912443541292376623117762562
1.09912869091373291579479064244079 124.390583982138149680374108094298
1.01250953102964262464148137497466 96.548904041604085071108400527094
0.9342944746548657174596408811169 75.233802422098651221537604788515
0.86370203143618410617158280079464 58.871816962562469202882860290362
0.80003103749894306866906890330239 46.277315695798801617808524942616
0.742655163326583980441128280297348 36.555555333736834069402331241418
0.691018304705185425880094757644597 29.030202712942382987233847645428
0.64463062328184887152831160954958 23.1890916335377060116272980518292
0.603064897575907599997996738227179 18.6435827733967071855139592508325
0.565952729075540413788017624345606 15.0980808853180945851942149512673
0.532980050148546303587567914427325 12.3271462149053388137092791570183
0.503881347653340940208749194556736 10.1582935123878039911023647593535
0.478432108600438465525748009415373 8.4590593758712391256924762023087
0.456439267439588996576946621246996 7.1272793764523460427051931345411
0.437729903509670619606121365407411 6.083782315321128600997055252025
0.422139032323443358706163235213897 5.2669044678562481117972718053337
0.409497879105207383366081028275927 4.6283709146503813858365887620418
0.399624274659323748432812168501075 4.1301990290399893223695586489822
0.392316582372611659566939755101619 3.7423620726540393772701936494505
0.387351854605550242995614052015406 3.4410161182061086742408268818648
0.384487972794879800554511048823551 3.2071453543963345841436250125004
0.383468721824709494341610310784106 3.0255211718588142664654387597373
0.384030374163590751079028653729179 2.8839003626378377201740537071463
0.385908466436796495821699509407365 2.7724085904271551655710482275835
0.388843875111041988214308796058901 2.6830688842303387363395697059909
0.392587793470821069346622046710731 2.6094434629815846920638052584513
0.39690559270684481983803999837137 2.5463627376581471538541952955946
0.401579745580809297020653116179077 2.4897193937140342241087647527964
0.406412026592198228354629017604979 2.4363089892639609249331990506835
0.411225145209844149585878833393534 2.3837019788346811153172178710986
0.415863884748382209931860306908754 2.3301355979240632289623915710145
0.420195752653385554545670800228823 2.27441750628537193262781859246
0.424111116779334624514435733918593 2.2158362667461649584451454134491
0.427522806186415629982938220135468 2.1540763996036774619350033101429
0.430365183157086351708766790833808 2.0891377312781826035499509183909
0.432592731549241105607660979680399 2.0212599862169529283664340965206
0.434178242976799830502423965491421 1.950854102038102899653831431849
0.435110708411503349464272392851145 1.8784417178055211626785682352822
0.43539303494734710795701612784081 1.8046038806039076920166615825734
0.435039705802072403369795685262709 1.7299394270747775829488254787407
0.434074488826173470609763503340252 1.6550328850424533426383416769791
0.432528278727257224774589782964276 1.58043121782749265505125782032392
0.430437134861369967068030781574821 1.50662836002458070377344018378143
0.427840553143241915414382812431519 1.4340562838131912196446541445478
0.424779989755811502428116467000437 1.36308127344393327123129210019939
0.42129763726611791465544029573944 1.29400413968226915215718976160118
0.417435440985875579918077902170923 1.22706323764563425903569789103435
0.413234334811560137295908153536673 1.16243932511475072555615047858135
0.408733670823929455563681683288415 1.10026148558326228506301102871667
0.403970814894366401676982772849679 1.04061352067260272717330179964002
0.398980880692651378733662561949952 0.9835403777246911403350809729332
0.393796576115164675233656189833078 0.92905431420792785885659579640887
0.388448138677714538855103379061384 0.8771406095893092475895578577057
0.382963339387433973298567945102489 0.82776271898977867028727811036032
0.377367537690561554645511257655993 0.78086682434305275404379791216229
0.371683773068502110709836448551268 0.73638578173170566114785171274282
0.365932881584135835148449047743731 0.69424249187724852063657757823143
0.360133628093359224663304252458056 0.65435273790935803120789956823004
0.354302846909390203095358199525547 0.61662754352230811573211446418154
0.348455585443399194947605443820913 0.58097510785885192021451549382647
0.342605246770108175484667910417524 0.54730237284573470025863003401893
0.336763728215166144107909790232178 0.51551627566631734500806978777312
0.330941553969026473253118176150704 0.48552473462759205331198699825986
0.325148000438570911758981517032064 0.45723741159809030388286688978041
0.31939121358807223979612767550069 0.43056628895264498156347493611496
0.313678317925122552986150844038747 0.40542609386975126967234217989744
0.308015517084896178133599467193988 0.38173459808911601124089809675267
0.302408186176232966657151958033393 0.35941281693268642497442500398251
0.296860956200354261968625575118861 0.33838512758538401186926448213331
0.291377790946613495923606924919482 0.31857932329578580489703031647479
0.285962056827448216945795142321267 0.29992661729006429800998368883938
0.280616586143052247078859366865188 0.28236160774313805470414342400017
0.275343734274299652605697464891028 0.26582221308093434969503800473952
0.270145431296071875992133500199489 0.25024958515082958022566365861769
0.265023228486105503576865080545733 0.23558800634720997461314298484317
0.259978340182522037394928192572408 0.2217847755809972016327742273791
0.255011681414585729556969146622083 0.2087900869863305617263586933078
0.250123901703083664164902817413465 0.19655690444663103889877444899748
0.245315415396750037214061001560376 0.18504083435627776633816886523891
0.240586428881184463280916680677632 0.17419999849135629381610070817181
0.235936964968122103721497074119814 0.16399490842403423108898125312533
0.23136688474587520667554896832692 0.15438834256120315233642357043722
0.226875907145596780161597848992256 0.14534522660212985503858665282917
0.22246362645433865374182378964872 0.136832517982795188664126005486045
0.218129527983599013019953116042336 0.128819094693272062586701783804534
0.213873002081855801038130481909795 0.12127564871176213683656930958782
0.209693356660568278093764651109542 0.114174584186052434155836239984413
0.205589828386792768552249959185192 0.10748992040713271557470826685397
0.201561592679545331927210314305045 0.101197199551622009040204315592211
0.197607772633519290698942514831817 0.095273399119652337813241349283051
0.193727446981067975512881093656918 0.089696848956890459572651564904725
0.189919657191927590518049571322296 0.084447152721878251637104210125874
0.186183413800113792151198018532664 0.079505113640995444920759001894822
0.182517702037836639446244591922343 0.074852664380156969115904594873061
0.17892148684891635060837483326158 0.070472800855994314288961587713249
0.175393717345349009691378622615985 0.066349519803828954932146141581038
0.171933330765549084507564599109057 0.062467759921210024950881446554583
0.16853925598565573859138664060517 0.058813346406084248775937455654186
0.165210416630421936328143445015062 0.055372938712858389496640745555706
0.161945733825653502063405093384289 0.052133981354658384240842994080596
0.158744128629129157875847967525847 0.049084657585031569968220531274454
0.155604524173840501261621077360886 0.046213845799512427306463647301693
0.152525847553596481840562636158851 0.04351107850380864042583383897752
0.149507031477552075406664740294174 0.040966503701998420812888795841729
0.146547015718442500456327963108545 0.038570848566046343920772420393759
0.143644748375776961854888084561956 0.036315385253978536541372644884395
0.140799186973579451699873848008432 0.034191898751463897475033027152926
0.138009299410071159336988138807122 0.032192656618086764104337973548459
0.135274064775185377439327096815242 0.030310380526303417338246010752297
0.132592474049458302703594261495008 0.028538219486805492220466474461884
0.129963530697884293032703436331548 0.026869724661049179472111426819607
0.127386251168697383784323978207141 0.025298825665845601047564560432053
0.124859665308349726194315085710993 0.023819808282057951668052895800582
0.122382816701467607669235490298013 0.022427293483615194682147537212562
0.119954762943742022707092036106333 0.021116217708094642071134424607224
0.117574575855258180167365435674954 0.019881814295010725721537375799272
0.115241341641154509857778128662127 0.018719596022378720467360194325696
0.112954161004942204571376184813185 0.017625338675807579135821276478843
0.110712149219662326730386489355742 0.016595065588581937837131370920026
0.108514436163613624995034127085278 0.015625033095796671185628959899721
0.1063601663213000443330448156289 0.01471171684647219817171720476248
0.104248498757236993167596784199739 0.0138517989243109607526043084604418
0.102178607063101969159458611798337 0.0130421557277136863554837657427613
0.100149679283531288209019489429078 0.0122798465648510544233081108117334
0.098160917821688556023828960482489 0.0115621029206535768347714271711699
0.096211539327242988568861148344343 0.0108863183559410556529876501418244
0.094300774571556645303118507903098 0.0102500390020674994176442304301885
0.092427868306772311192607091029141 0.0096509546139652641791632694865431
0.090592079116428578139041969364323 0.0090868901504938031169137795936695
0.088792679255965183599094578617445 0.0085557978497571197763187505357917
0.087028954484500565808399990236096 0.0080557497701348148307729504693254
0.085300203888585669791103562524915 0.0075849307693774367705181113863852
0.083605739704498097080530910470376 0.0071416318973391452506497120945792
0.081944887130001707277730603010229 0.0067242441751923282242057222144457
0.080316984138998962052839547653836 0.0063312527416021030371395081776698
0.078721381285636462360313937584794 0.0059612313406203417952893261844682
0.077157441513545103418876619994624 0.0056128371348088012459812066289775
0.075624539957119026862404317733098 0.0052848058211799023129516859389129
0.074122063748245564722773206692703 0.0049759470350107624435385148219972
0.072649411815142425828417173558229 0.0046851400216084616003003032821372
0.071205994688393641608816831740618 0.0044113295633043772955157832853699
0.069791234300151083117172970158435 0.0041535221437811415919074208637946
0.068404563793077968642700218492579 0.0039107823388511575319964877149806
0.067045427318456698177957419734974 0.0036822294165855182941797513677599
0.065713279846121790127871351562853 0.0034670341384778446314708081144001
0.064407586971257335417144702502273 0.0032644157471412289563508848114478
0.063127824721276492119257636140361 0.0030736391301912475087302802789854
0.06187347937010996849418520583712 0.0028940121510261886500500050637647
0.060644047245899214677008243811765 0.0027248831346278862217567323196021
0.059439034551376600140201243286807 0.0025656385020303682345788777926288
0.058257957177217368531048649692767 0.0024157005419611860772175859740915
0.057100340521033143114584725770848 0.0022745253133793675573451013337964
0.055965719312780170760328746114038 0.0021416006712218061189507000124564
0.054853637436192708841177477102153 0.0020164444068836240277956293570812
0.053763647757989007791063253921976 0.0018986024981107629594188514794594
0.052695311955944597614629061754342 0.0017876474608576452519264407871405
0.051648200347876291960563568244641 0.0016831767974204974084431556200861
0.050621891734384556787577663877259 0.0015848115364456428956334698227895
0.049615973226903575478518982887115 0.001492194856631988774341418678216
0.048630040093459833742474262528417 0.0014049907923889549552315765045229
0.047663695603279857018619680156784 0.00132288301478238293062432295131586
0.046716550865115394711769652034244 0.00124557368302966845112658062460464
0.04578822468821216153508071372424 0.0011727823647964288057472460798239
0.044878343405676801009172083487524 0.00110424501647794716614470385649721
0.043986540760901783576371543392971 0.00103971302775792128537472562682384
0.04311245775609088039896694065601 0.00097895231883935417938976274293862
0.042255742474536732436759603169228 0.00092174248867358743672999664555261
0.0414160500025609422113025090544772 0.00086787601952031203841546003497148
0.0405930422426859552537291398667368 0.00081715752058800657793502691521421
0.0397863877977667831905816580926631 0.0007694030204292584224020381069792
0.0389957618546189602699955819472552 0.00072443930033784715585797670936712
0.0382208460254302348919245754123153 0.00068210326417445380045569072964277
0.0374613282354902543087731121455597 0.00064224134758039869876688519270998
0.0367169026182850455835017027373277 0.00060470896183272597030597518579014
0.0359872693541973458140917222038842 0.00056936996725119265283563555557217
0.0352721345749888127500745118301993 0.00053609618062442992624589801844795
0.034571210260607916358722520502883 0.0005047669107863414298140434676097
0.0338842140744370654859542624273132 0.00047526851854664971678060667683549
0.0332108693127082603268082201046911 0.0004474940072506654061855716915468
0.0325509047636726399966043635690426 0.00042134263321912149839368591708217
0.0319040545801307932932392575593467 0.00039671953959903689570842804100999
0.031270058206608996608302460850419 0.00037353541362402026753907005009195
0.0306486602471840370895974744491302 0.00035170616157034549911297112396876
0.0300396104019521134570721750158766 0.00033115260509042976038891564037279
0.0294426633172648609168693496626882 0.00031180019225826659755384505193389
0.0288575784984928570962516161256771 0.00029357872764069348423393701826836
0.0282841202604883851561430795456044 0.00027642211912422904385445141135091
0.0277220576149405722405421319847691 0.00026026813745908701229675095953793