1.20999033150008646588146119184118 167.106937793884583070113294854125
1.11290043426442590726262307652343 129.249817677270419851080828644881
1.02520629004871592279489558067475 100.341106636461226660040517760353
0.94602950286120284967582944314351 78.209367546472348619201293048729
0.87457942868410208403451992723107 61.220621194714959801056360207524
0.810146386691058428520779581449973 48.143590393449609220097416608038
0.752095866196126218284033160948932 38.049042349261354051511123519534
0.6998635798886649080511971849367 30.234534795675088926218376109372
0.652951142778745828728176882154316 24.1680992997748440039112380110246
0.610922065328898963325994727007725 19.4460512581468688927816174696559
0.573397651088320422872575585158285 15.7613477066885036776610683140059
0.540052309387288141932216052287395 12.8798302197703720864185471030694
0.510607772554307166963482599366799 10.6223714794208544972611613144591
0.484825794996879549906387165469936 8.8514501422088696378118783983903
0.462499152812929133451891320350982 7.4610536082133509103711596046486
0.443441166781977297816394966247202 6.3690852906380449780378637048232
0.427474478381438367012167919336195 5.5116571926200991773940482771833
0.414420271744378255278060388478714 4.8387995361065751894197779351611
0.404089355787897190909371947700221 4.3112319795292542071102995809718
0.396276343179652559996278914334379 3.8979269092555621038464718513804
0.390757582038123040191902435471672 3.5742621559886968177871078343445
0.387292702757146105003911621651824 3.3206129635436794353271991170095
0.3856289378989441023437045883654 3.1212736584660110562275164475993
0.385507005295768945354691688310087 2.9636297739329854318425854020928
0.386667379773655431483190251551569 2.8375228583960192233906910277178
0.388856101032311101114293401659551 2.7347646719192329309795173847376
0.391829677472088062954107291773883 2.6487669657641478535600388975603
0.395358985393266309974403856213916 2.5742594300413885003202146322966
0.399232257459895850807301618434459 2.5070731332151152833830725285433
0.403257312715861195931780030425196 2.4439708033845481042483249789801
0.407263153662294182461423440684232 2.3825090887544282412935628393036
0.411100999115398301234490576523351 2.3209216120857621336303823942177
0.414644773557987436117728705698422 2.2580151123591345081947833978046
0.417791052189231517122916203224543 2.1930740572670726028227219176243
0.420458466822974531824832535500868 2.1257716199202342127459812010125
0.422586602593794829012287731575439 2.0560867157263020122959085985568
0.424134447454673022038031948167736 1.984227865404932131742643057308
0.425078485399970648532324042444043 1.9105650639367528792270494095375
0.42541054347191959537396175230726 1.8355707441158819434677684997518
0.425135509148228814378725380465782 1.7597705128278311076678731879175
0.424269029208906097886295533898431 1.68370378777841861055864976499696
0.422835286334138178761432108833638 1.60789391676708860311764754362213
0.420864929105104351619851661959781 1.53282691618628717191676093214233
0.418393208339962654056974909434817 1.45893766656310716441496243124596
0.415458350722153549523631788558633 1.38660225711556367495470555567405
0.41210018146637443985954497735005 1.31613515838208051854277064190155
0.408358992401435968566873638015826 1.24778998867222568192899271757579
0.404274640637227325616921973540017 1.18176279008218022370169485822689
0.39988585568633896167162931618912 1.11819691066953468342685457301278
0.395229728964539558523120365624337 1.05718877583073193362222544513753
0.390341358290491535078533243962493 0.99879400669763321198624728891205
0.385253620622750901237043115853398 0.94303349638166683097284051623553
0.379997048170330450112685653521966 0.88989918181557321491034228547887
0.374599785650966747724599296809756 0.83935934933636536984586311535651
0.369087609447226181927398522698403 0.79136338818873552339352314190318
0.363483992427791504744219145358966 0.74584596115940776190608658122183
0.357810201065582343709261202531936 0.7027305994073942469663890735527
0.352085414085339605506509577445399 0.66193275298862275333872616537691
0.346326854151612493052838909893672 0.62336234288883629861029425107007
0.340549926049851484315699742142766 0.58692586738171055390912255543457
0.334768356429778094774919791263926 0.55252811746143412721075425644156
0.328994331500403569771914452920531 0.52007355470077269681899513018395
0.323238630121222602738803537091239 0.48946740142583387342864140530329
0.317510750565934356132517246954791 0.46061648852893986501876685568489
0.311819029877771621714973149999589 0.43342990119158567112245320425768
0.306170755222746677569598668272434 0.40781945768971295084228958331369
0.300572267010650607344536784240567 0.38370005158168071373824384886025
0.295029053816312179485553487841029 0.3609898830784829777641281511979
0.289545839320057668644802793090517 0.33961060135655697742928152828301
0.284126661611153169046613558874537 0.31948737600711843084244425895307
0.27877494527790545473240144139384 0.30054891272287043603887170856995
0.273493566753954408016652175765296 0.28272742567074424087313014201322
0.268284913409658022591477263188149 0.26595857674325427451598833731501
0.263150936880432508419553736077138 0.2501813899869541979914024108725
0.258093201112285355528796715414834 0.23533814791726600126619421021427
0.253112925586421298619312757860851 0.22137427511397935630767138984746
0.248211024158827682594909760716205 0.20823821339926677373589701344472
0.243388139924121122427400814847073 0.19588129200858663273250397801479
0.23864467648239149559621842846882 0.1842575954291140343218827831499
0.233980825958491071661803044088511 0.1733238309848309416296081339534
0.229396594094264533931377329725847 0.16303919776379283162575178970102
0.224891822705722882974473095531123 0.15336525809113162956506499846782
0.22046620977105136287599453267946 0.14426581243826326887058146635465
0.216119327390125743788107050537945 0.135706778406751853265155890825734
0.211850637833296714506950062212266 0.127656074225886451733366049299272
0.207659507876360179045012266041199 0.120083507045859998824545709647801
0.20354522159812237722321404785314 0.112960666182609730201665453989513
0.19950699180068452791174730030365 0.106260821376793150334523216342653
0.195543970194994841743312134437335 0.099958826052580944909630126482099
0.191655256480662131741491800391617 0.094031025507613998369079895081797
0.187839906435426146406829150226743 0.088455169922750386031247833113279
0.184096939117715040778435284239872 0.083210332049614637058413672090345
0.180425343275100623541189222652124 0.078276829412643079920652136843962
0.176824083041979094612860002403628 0.073636150848174311863256842119103
0.173292103000853056294716588471055 0.069270887193980501294364642953047
0.169828332674203577081978215678597 0.065164665938784320043211805938562
0.166431690506384179009143324358893 0.061302089639567256833376060260338
0.163101087389629602161314816262905 0.057668677917159985037112831591053
0.159835429781762745303204073878123 0.054250812842973303200716834146826
0.156633622458722627541727109227784 0.051035687535332818682491281981902
0.153494570940432190613449186334467 0.048011257789643012396721474136379
0.150417183624378391297391386962906 0.045166196573102645163212494200452
0.147400373658016918382825355006202 0.042489851222079258319139008854397
0.144443060577420055339305631525116 0.039972203187097611180325484760043
0.141544171737036045497824610384121 0.037603830178137794838346534020502
0.138702643552755873415511090252402 0.035375870570228117691287537693838
0.135917422578494106177755446749467 0.033279989936833373476757926092536
0.133187466433439798407764513054285 0.031308349584877286582831544441746
0.130511744596581451037050631900121 0.029453576973173159554068842973905
0.127889239082535168098916293160999 0.027708737901929775411540955232415
0.125318945011588288368227673597478 0.026067310367668642862063300760772
0.122799871085464653781391258482974 0.024523159983912187825936730976489
0.120331039978968235122424335583591 0.023070516873709626870552359293811
0.11791148865692294078553815715561 0.021703953945786332221332085656998
0.115540268624682818071587150236667 0.020418366471190785414251501936573
0.113216446119699038266611678906012 0.019208952882292845548793611712669
0.110939102250025440239561781375088 0.018071196720238064237007746315273
0.10870733308743865957665151190978 0.017000849662659572811358469852224
0.106520249718423419000055523316416 0.015993915565613039135402090901082
0.104376978259306770145138660706803 0.015046635459492089792967836246685
0.102276659839615281193337856834647 0.0141554734414237368753613958003164
0.100218450556543307579413102200376 0.0133171034098515661315077691245941
0.098201521404911770243086232251814 0.012528396591123815909823136884888
0.096225058185979946798839354330495 0.0117864098105965026509549055535701
0.094288261396486253291273982921101 0.0110883744630235948617156953130439
0.092390346101709617877387597723064 0.0104316861407919855782849681566945
0.090530541794174881113795550576159 0.0098138948803203226016234074624848
0.088708092240226063015699570335993 0.0092326959896546132873858780665237
0.086922255315204408457602344807826 0.0086859214221242824399244852136645
0.085172302831172833398880544578582 0.0081715316641029031471920564713152
0.083457520355514221873097765539368 0.0076876081051581158894988826056085
0.081777207025084560543762900110881 0.0072323458627485131526588195851324
0.080130675352736468261398028208454 0.0068040470330861520425274665731496
0.078517251031726671988557212714373 0.0064011143439496174205096450354441
0.076936272735799422860220182558638 0.0060220451845981275402597513440893
0.075387091917490028135789092936734 0.0056654259907293454262345024532989
0.073869072604449274553431732203015 0.0053299269630650225889287650516232
0.072381591193106536990001438247985 0.0050142970994063691616368437530139
0.070924036243709644943918889970907 0.0047173595222366243927363669844504
0.069495808274401203041622863647934 0.00443800708362424976410343222428
0.068096319556180929803206011395536 0.0041751982312074746016549742883864
0.066724993906021266342804454322105 0.0039279531191398243112974581601135
0.065381266485386254366518292334443 0.0036953499506878082159461888735486
0.064064583596606060401218757526914 0.0034765215372487535586602904745328
0.062774402479998633965427316490128 0.003270652061457742819424249773147
0.061510191116751639679070168789246 0.0030769740329897385791089918850131
0.060271428031304862801488667753995 0.0028947654245335901594480085855731
0.059057602093492623132181058586892 0.0027233469773262409719234278430972
0.057868212329896111458525770344403 0.0025620796674788387818541498140864
0.056702767727903526071677266407588 0.0024103623212123138307428006557462
0.055560787053496053020360916397089 0.0022676293730015649813069994997793
0.054441798659638128700995356559682 0.0021333487550974903229189855076872
0.053345340305946767795108972074044 0.0020070199132759282440065087851067
0.052270958979298327910968462131343 0.0018881719399651465649900656275832
0.051218210716924928331015283245052 0.0017763618179899090599749539723832
0.050186660423785376906871009328864 0.0016711727675512410454679302955697
0.049175881715445998843774026543158 0.0015722126934980599304494669123029
0.048185456732293108139824016765838 0.0014791127214556051337525659226039
0.047214975986074756519048987427233 0.00139152582359784409806757526168042
0.046264038188389527426747497607567 0.00130912552386589599402784622983613
0.045332250091212307721465214956108 0.0012316046807860199615241281156968
0.044419226334901441135882044221874 0.00115867434275128304541942689358168
0.043524589286035285115334465014315 0.00109006267006679944320521524556988
0.0426479688861200378016612973126658 0.00102551392154282682218219538322584
0.0417890025022201541447391201732516 0.00096478750105197839942434097161037
0.040947334788376302641556071740937 0.00090765706110154643924749832844579
0.0401226175237600944457402321631088 0.00085390965775165999228193958127598
0.0393145094919716864838644264798367 0.00080334495816141006614764227996012
0.0385226763174549374022594896092986 0.00075577449215958692840357079508537
0.0377467903541853848620101356993908 0.00071102095122453283516125133743192
0.036986530542683562517713587923295 0.00066891752686521938430790844214161
0.0362415822669613000099227884739747 0.00062930728815368481941951118379425
0.0355116372421931084452091650440601 0.00059204259765063547565777540703314
0.0347963933839694808990296150340689 0.00055698456076893665592785226408281
0.0340955546820037532512135917616393 0.00052400250788686687740766404362565
0.0334088310693522539671714336858325 0.00049297350685184699280420206109962
0.032735938328293800380162716688763 0.00046378190588935987078233127183025
0.0320765979459722649603617934636609 0.00043631890124278092221300235232186
0.0314305370231465414495500322748311 0.00041048213262200406962331863067699
0.0307974881353904923463049433390332 0.00038617530056834517884319145005633
0.0301771892782268058643300647200751 0.00036330780961757889935591953426271
0.029569383671278272338802286031453 0.00034179442726604796312359581424556
0.0289738197308997984502410521330315 0.00032155496923891844392220019044554
0.0283902509100409866936616017607119 0.0003025139985960051634248759348873
0.0278184356707279145374075649164084 0.00028460054700163414357924017736409
0.0272581372947270272784363416039619 0.00026774784725353612848426924317168
0.0267091238380077055636477365264536 0.00025189308615790815303969934831249
0.0261711680392271547949380386189293 0.0002369771704568950260366705605644
0.025644047182065442006034470906832 0.00022294450534749603876998029168012