0.88000245515252230339352356121304 62.589938708653178245960001081912
0.804255381998767029480431384910544 47.267811731066242339723785329006
0.734353063289574970078554938673955 35.538416925954311797683586061865
0.669464077891445898636987156384568 26.543706259971684224791528949075
0.608821098785407480891144063429809 19.6416381827765373335543509966011
0.551731599423191905818818819631958 14.3517592736467855742123532341969
0.497597131676227790086037566054377 10.3140298022484280211091141981269
0.445943788921855995975931047269383 7.257381737135676691393825460905
0.396467212232213823489270564687549 4.9754790614730155739605565312633
0.349095779178734520847700705347426 3.3079525055645562038121214360432
0.304073128175379013467034951891251 2.12605118959229632974223884910713
0.262049196486304101834250824162331 1.32221075080649369329619545414876
0.224133927118704163398034478368524 0.80346818871511645756924076436724
0.191802046525273673158424346326908 0.48883654725100755994557261078609
0.16650322222402119218663994440756 0.31029171318255200909853512781992
0.149022580432450854598374796156527 0.21551904529691718691647612319949
0.139057988081963867918831415690005 0.169116587427615270673796086703171
0.135465374220701556759403307716612 0.150225140790872115599751836185688
0.136907850676495591830060281393829 0.147954185620262149734830160609814
0.142324736200717003017451158121422 0.157195132377085241316450596918501
0.151052085310499306093407224668196 0.175929794796249085117274889353782
0.162751558860433728094291296348377 0.203778733718586478595165859804672
0.177296604432760554806794916306776 0.24124433084424993434562831945747
0.194675448131989615773586564147666 0.28927367433845479628348752966865
0.214921465342541138740883471283161 0.34895186803247460810828043900911
0.238066652511711270269549855302647 0.42124842086358828227242286246316
0.264111831503246444352058458768674 0.50679686296340923345824626190159
0.293008247423622941140756789263516 0.60571338309296926586112820249405
0.324646716006013685231199810822396 0.71746755286398041165062650806732
0.358851911499516512244319664822648 0.84081567172599175554671900908168
0.395380590053406995194261126476347 0.97380099851212990434437103093852
0.43392337666641915127540403070377 1.11381876617117867714134379447951
0.47411013914139014753915256408915 1.25773868820202455740582014097608
0.51551897102116672169622281391842 1.4020734865185402915054709876862
0.55768852982155532740633492894787 1.5431783781803378994107868612551
0.60013308225197825147876753000503 1.6774635463676810966494423744605
0.64235923890264564084445325241824 1.8016000568366688934016879044402
0.68388312276947640257978207761691 1.9127002695783302164180305687049
0.72424666289486664733566786904947 2.0084569437183870741251160907103
0.76303183875876173365439610396926 2.0872306483565250850134821518087
0.79987198388516822195432074641132 2.148081819324556150325187530149
0.83445962504104454843941449584555 2.1907505472187029564333448153721
0.86655071721942832493617266159986 2.2155927261643418373509204805551
0.8959654749403254024792565787199 2.2234847236385626375684063644391
0.92258625795633394629073241928698 2.2157099949713758681673215372308
0.94635312691039851619365519710729 2.1938403092388781633010551980534
0.96725774528077688117285943491863 2.159622059621321711288857443131
0.98533628441459964992763485310408 2.1148751917534320443741043186511
1.00066191233036170341285459406058 2.061409228425768096822260733754
1.0133373386700996959518590562655 2.0009581563268919230933859458982
1.02348776847671329594430380200873 1.9351338246756117289632691343923
1.03125450232650170697009647121359 1.8653960666931311974384413162896
1.03678931956233617928768450886155 1.7930369433234272939815367673857
1.04024969981412777151247965746162 1.7191762049723679577185712503481
1.0417948766890508853900094463915 1.6447651276047772186379136963253
1.04158267540197373827096013327741 1.5705961699058886265472813759181
1.03976706157233315761383899817339 1.4973163108187145971414343113736
1.03649630867232609526814734957672 1.4254423377193953052930124703813
1.03191169275771529711968190996261 1.3553768027753013275559027733936
1.0261466428153726721617940696202 1.2874237977501107874086542262077
1.01932622345347130736136665789291 1.2218037699253349877273548373246
1.01156692820087725970718814805732 1.1586672167964019414875710340804
1.00297657209764091191033875808653 1.0981065547121523265421141630774
0.99365485311797179419296142789462 1.0401681841622141167463461594574
0.98369313859206445003613797257376 0.9848600805031380641586148353543
0.97317508491466959912886988929551 0.9321605957979853183129866418062
0.96217616459118674723945185082082 0.8820226540594002083199347128752
0.95076679878839331761496331727661 0.8343868800855485675109559991826
0.93900942257465770270711072728396 0.7891765559990610650425093945927
0.92696369542978607610964810319507 0.746313728522973080943896796902
0.91467175324588786229783565482578 0.7056854278967665859523844332056
0.90219043772215526698718237477643 0.6672225288282597575708119922108
0.88956512339092072115946469008214 0.6308356483778502423201992803133
0.87681653180993257966680173966983 0.596392379692910372385269103045
0.86399449032211990483289012500456 0.56383156293244844505487615363373
0.8511112139276874021489930610776 0.53302448540076645694742244775229
0.83822194326431644317193035945976 0.50393383321979734295307377397633
0.82531036462327596163437645826953 0.47639799353830871979430828237129
0.81245086890988915982637326343846 0.45042526627040984977620745337684
0.79961317339544608580283772170819 0.42584968303331894909181797359667
0.78680483623702902216674253317072 0.40258313384197667007622889198018
0.77412864870207524556279213616528 0.38068639615917101382087629642789
0.76153481508981370930475899240094 0.35998942702501301551384644646248
0.74900182403650477554932586600222 0.34038113841085998823574930562277
0.73660660250460442950113869802665 0.32189171013284414912855862218231
0.72431981733749653725614421294741 0.30440843432322928147239903422366
0.71214161912246593736829494382946 0.2878667364641222121392746513541
0.70010725815139264923974672810275 0.27224860325499180549588453150593
0.68829467455923912140827456708279 0.25758273644497905834259023095828
0.6764609603563004550672783957049 0.24354290062456087974242471342637
0.66484910065242144564209860053622 0.23035261034187275003123720375223
0.65340377965281889397406798067223 0.21790124200141941831928867325081
0.64212239941679331647261428673668 0.20614148602977886970116771381079
0.63102505212145352840049686198786 0.19505079481328315062824231561825
0.61991366348789277223071858898154 0.18441209496026918362367721217276
0.60916484259079621552001847898362 0.17453139000369076281131438418525
0.59848463736473723117441819391658 0.16511281466771046641882001139598
0.58797116837848493130328165737538 0.15621272068441402749285564912853
0.5776034918549681464332062915861 0.14778587459813004015253593262826
0.5674184685760304116293373810583 0.13983404046252959716426522143712
0.55738624428576332803146980130346 0.13230905853431117125951516299258
0.54751039320571250515298227693243 0.12519051499397783003281799025618
0.53779139784995789494502647708688 0.1184569715166665680391155946436
0.52822890306491973486578989763813 0.11208769945267810401648792327118
0.51883733815425526233799193547128 0.10607226388234914001389682961385
0.5095618342482284048747209675165 0.10035909063923063648650791013025
0.50047278066772172667275458255827 0.09497374617999219839177110791769
0.49151588663661412789751164338293 0.0898683096883879911812488118639
0.48272662619069756986694642691714 0.08504767265010863629052974777178
0.47407780603566420400186752223205 0.08048279512796442906275802507398
0.4655744325392801633882815221927 0.07616327597632239423668774645673
0.45719912872449421398637945295388 0.07206842783813163185588794139511
0.44901576402596688811001022906522 0.06821641987716098236703647180109
0.44092933750938557788505294633144 0.0645519505725277255773033389922
0.43300165125491557336218840453892 0.06109287717956804823651536106237
0.42520618457684375668220054508085 0.05781759031157363531647031147114
0.41755512093692542219112582504173 0.054721812238193432482678762052879
0.41002042080953456179626077599877 0.051785760717522771110041844196244
0.40262999682496571114517373601935 0.04901207118698491830193628869781
0.39535790898139541364257810142882 0.046383286713904805123012347112339
0.38822105933516364464062221214847 0.043898207477816134684298086412612
0.38121832739828480282936700190702 0.041549221076087828931984035696934
0.37433340705935777636004583917941 0.039324322910663577533100609212349
0.36756151170618161014686927466602 0.037216071438433725855061645227681
0.3609266103521696005299353401995 0.035225919899693591071078814085515
0.35439350548857801087201156936754 0.033337852233029460477642621891541
0.34798803020041360052467040081119 0.031554175816730653158570005058853
0.34168815006295971681273283784061 0.02986382779394241755803934835789
0.33551180123562447079847795959559 0.028266924768406596249268415220928
0.32943107986997093201207894369402 0.026751948330516846394913396391469
0.32346845047963783224494620501443 0.025320404573439881282169690199111
0.31761672850634195951726806107108 0.023966479612874546228022265195513
0.31186546553986845866448789733694 0.022684070444101444877547722795347
0.30621317622287941577239705509548 0.021469456044309078988325409631004
0.30066534685188955557778553114788 0.020320517393976611239292619527853
0.2952169583740860562860554327378 0.019233057412645997165226116325145
0.28986651937359058167219811006604 0.018203824363749262026254867254986
0.28461665771788121248754939864236 0.017230481431566642257614573757025
0.27945783814130787037282557929295 0.016308613024620609290476971601805
0.27438616305216132084349893047146 0.015435114335030317404185689109485
0.26941801520998168476947162673581 0.014610375898907577671380707688928
0.26453242964871311981491750461381 0.01382863984210923117905977532548
0.25972458426043485108489684576601 0.013087172729091619117844320175994
0.25502580654295543086935850354537 0.0123886944887963649987110969513
0.25039960309995155293732370683011 0.011725812042614066497628486871886
0.24585497674900508247219671513608 0.011098137414461610843723620600759
0.24139959016428061882682255065673 0.010504993346142484641072065687568
0.23701504675021454682417816243251 0.009942348000390581920690195651422
0.23271733909764021441026651234811 0.00941074944048599248272441776004
0.22849820385803102199435112183633 0.008907683383119287276896331156095
0.22434634581195013007938643099348 0.008430500193191051081290884060013
0.22028339753820765370428787538697 0.007980369508679185992989406058282
0.21628540726466444090861363096634 0.00755339218685562253225047696652
0.2123618709952670399770205909836 0.007149470993256695091726248729131
0.2085087617229731841264284595072 0.006767094561616955486100748284387
0.20472881567400393705444638458291 0.006405489678690985683821711711495
0.20101002343893393792592206628308 0.006062554197726696520278683926995
0.19736619057507352034182953325515 0.005738637062366622687583996800773
0.19378029267586609507623595638173 0.0054313544382411071916885252490501
0.190268082600536349014980105326 0.0051412269518293228108125904205986
0.18681419768357187427502880808934 0.0048661887346227567907107102246558
0.18342072590154339014275609387514 0.0046056992743542961711879993315566
0.18008761597236806037955848073764 0.004359067316463086792868312548196
0.17682309896195108520291749626657 0.0041262096047879825094697289512469
0.17361351039959867288065735421246 0.0039055091369479861356630023954939
0.17046027933555593219572260419711 0.003696494023824044175261895010784
0.1673664376960985433165445946215 0.003498801700040899296032600310955
0.16432872421645185275793093042639 0.0033116840103192831182048969261745
0.161346606246385055712620825925365 0.0031346032684824039172844749284876
0.158419576051727344505412045324927 0.0029670484178158623078852450639146
0.155547632409544765895194134771931 0.0028085598078470352278743528796728
0.152720785951776493905266705411687 0.0026581752366391322459561459335162
0.149950619614314629475825198868731 0.002516111890305038650913009037899
0.147229183125436136883629973058182 0.0023815688746176515902384530267813
0.14455689482821069743223733881973 0.0022542102250750563983589492782944
0.141928433729309625915112825205664 0.0021334526201743645302854912587276
0.139356748553179331294288760091479 0.002019555547529146287052337272766
0.136824745584135667670417945810562 0.0019114500907498284536356356201343
0.134341059508532765375359484060156 0.0018092256868061184999958397595802
0.131902478571012532199647098826814 0.0017124697626775483739247079456438
0.129507416489991375130971721820497 0.0016208608636637425845532721048397
0.127155273570054416638670031825394 0.0015341325262014784034941847573647
0.124850270007443509465975045473775 0.001452199501587222953254942383023
0.122583322870617705214554981991484 0.0013745172921259106971104603382522
0.120355100039640266072802000265267 0.0013009118607282960904037816484455
0.118170890743088876169304006687669 0.0012313580759355275609348528507703
0.116030100507102438046888195198054 0.0011656372213354877273014700493999
0.113919906748717307465317996489488 0.0011031864815407160975227380961061
0.111853073064971204014549289114317 0.0010442214061458088078940105200501