0.97614211101172382989427695990586 86.273826462648699085108323748676
0.89605861330899890993848971359365 66.134485356734729417365432450503
0.82316417568929131597019250712018 50.736584616833626788910872328537
0.756681311901577485835156052277021 38.934256496467619714797480766109
0.695906817655453074475926464053413 29.866721359909213562245668813226
0.640213638423904668127531246544585 22.8867956937759171027850910551514
0.589056373177580608578918449760514 17.5073492061308532250832029759709
0.541980572672106401342632543128264 13.3610934327354434138930394570724
0.498635509158687806612922724752544 10.1702835282156971204637801414888
0.458789163570076055644577516018294 7.7238236905047196345562470438831
0.422342561438406907683372823242072 5.8599604907284153798170583772168
0.389338131448090123579484167336727 4.453275838782442167535985702573
0.35995379737492425879415601984964 3.4050776171424096386975902638569
0.334472697732693815635857435887697 2.636538425779148793821599810812
0.313221398928210376181578157818077 2.08405200282945662759611625644802
0.296481290955784171896105712233456 1.69627870195743414660481830854531
0.284396950248434157397101727558458 1.43229627165442993005913744967539
0.276918290261197067641023727998735 1.26026901392347111465141969226199
0.273803059955887991525261626545376 1.15618952440524566893153478385822
0.274674314414260689401590336801504 1.10250774166540922913634446970473
0.279099902682206581247667409593758 1.08670075838993921947317778158002
0.286659212619903073353264921121633 1.09993544519383184461410294034205
0.296980361952599896569036624866438 1.13594256083246390897876764538169
0.30974938450074092138202095689155 1.19014165645321036903334454120089
0.324701416878012345154095194464918 1.2589971395251997513968714202946
0.341603996452035582348094521109194 1.3395628951451669895196473766202
0.360239409004302359162280703468109 1.42917356273840230166116505254337
0.380389841454142568133451947022982 1.52524983667386283308344190875155
0.401826922598299790383701315862223 1.6251941910474207944522461172731
0.424305991411652254375567928591458 1.7263591337841789837510166858971
0.447564776526063911166008599345475 1.8260724581077710379636213688865
0.471325826540177706111612879036085 1.9217041421323152143554075040938
0.49530184399322865143503678690879 2.0107589364448087634999791944613
0.5192029807537746370124839602278 2.0909784638292076949740777548056
0.54274513170707529153072559108525 2.1604376273555126695136123780972
0.56565831604615964579228008364532 2.2176225881151508760764944684651
0.58769435816667864121009153353785 2.2614813534531165991781563267239
0.60863326012495223935091848667739 2.2914425557295395656116212868183
0.62828787184385182883456179299285 2.3074025585679179054051277572078
0.64650668564791641821100949747128 2.3096848918685411346746584718984
0.66317478139821828097295073764967 2.2989786871581641861675136402017
0.6782131072611503698487317364881 2.276264060429238268334229253464
0.69157638824390583256502263357615 2.2427323623451726662157136831115
0.70325000891237205485056865265039 2.1997081880473798320057655587414
0.71324622469560316019173211729216 2.1485784106748285736382207514105
0.7216000288968878555318456061149 2.0907316642654530328143892128274
0.72836495264668731646735473907813 2.0275099635404048800685228642083
0.73360901426290355308710571254418 1.9601727078399677931319793666517
0.73741097229557424357944076324223 1.8898722633157163927036978917626
0.7398569795024398407592147038394 1.817639654533569713310048337452
0.74103768690114908271338174114415 1.7443785718461670463908962926053
0.74104580941086068792658790628507 1.6708658363930469924171549198426
0.73997413731220229396306264175901 1.5977565779159445012531718829479
0.73791395965988968484315071983317 1.5255925982240095366877065227516
0.7349538553312230027394520599056 1.4548126579126959277966035241812
0.73117880273388282420852007451992 1.3857636942099361647499996734848
0.72666955882720546935183304852073 1.3187122287055906870649226467296
0.72150226049394651178614632226279 1.2538554405163900904659495797108
0.71574820546793945087459856113368 1.1913315589061551177838066629627
0.70947377498788996550369382075228 1.1312293690719739113365153439882
0.70274046564453639619391048273398 1.0735967301669106915801013358367
0.6956050030164739499933973497565 1.0184480802633319104535313699001
0.68811951447099013344129642038473 0.9657709548071187867323183661492
0.68033174278843881513705395311763 0.9155315783180881536920188973911
0.67228528596491471520769098611997 0.8676796081539226600780972165392
0.66401985175112181695288679527175 0.82215211833356801882686610413275
0.65557151809894891407513200768022 0.77887691323904293006473580569766
0.64697299289357040481806867042403 0.737775258427545396247405920602
0.63825386809378294358467604251217 0.69876411010552883123295265577438
0.62944086482785404346764041402692 0.66175791766737101641809249901211
0.62055806710206463665906436379441 0.62667006578931679714460011504929
0.61162714263963608678527330525162 0.59341401457200941792583381545677
0.60266755004493284931500329961354 0.56190418859524743693586427782916
0.59369673197666467731359361468092 0.53205665858175482480286279737227
0.58473029438862839129756083889406 0.50378965292083598728432456140575
0.57578217216582967457806768542985 0.47702393055828473917612081485275
0.56686478166705501864594521496735 0.45168304170724015284939101737862
0.55798916080847461630387151012474 0.42769349846436533302455098087804
0.54916509739884797849737382122743 0.40498487366503034187196084605322
0.54040124647634442297411975921703 0.38348984311659594463027179376281
0.53170523740865945503740506047725 0.36314418364567344915562457602697
0.52308377151183398560268930671671 0.34388673712676596337962316775196
0.51454271092250528940496024989324 0.32565934876186159859362092469588
0.50608715942434066915961236887446 0.30840678629452816499229397937086
0.4977215358997413121657561529749 0.29207664554771546353387503302735
0.48944964103281047517790810346465 0.27661924658479054355820748041572
0.48127471784718110738251609054685 0.26198752390641428744390966266888
0.47319950662423290636322443268239 0.24813691337749167482887436050274
0.4652262947031708203925071660695 0.23502523798162632304834617466179
0.45735696162631978779723979588514 0.22261259402318791353457098098694
0.44959302005149510184521553394093 0.21086123900331260220711047825297
0.44193565282435094286798059812023 0.19973548209392543690065640052666
0.43438574655881073285413801093306 0.18920157786681285126672491700475
0.42694392205623369734094701644484 0.1792276237552712089251887095281
0.41961056185316696970436660963472 0.16978346155051497131315623151224
0.41238583516644320399337645673294 0.16084058311914295862397246727111
0.40526972047837889769778522347649 0.15237204042901174558624448291288
0.39826202598726974267399995259855 0.14435235990169295195012827514698
0.39136240811552034930565908782349 0.13675746103851109227221262717078
0.3845703882652794840908221559869 0.12956457924363254939010330040578
0.37788536798070230455837452283591 0.12275219272070645832312064395697
0.37130664266717403085372856445279 0.11629995330553954513291671687219
0.36483341400661140471196756001854 0.11018862108471916286302857844856
0.35846480118362248735908249845196 0.10440000262976363264774027980654
0.35219985104104894385530473657044 0.0989168926865311955674107623714
0.34603754726034533652981868496089 0.09372301914599129516770470044926
0.33997681866143565641042182188874 0.08880299113169863714994839194333
0.33401654669896085590001601044498 0.08414225003456844883709019064315
0.32815557223722930860890179243656 0.07972702334092371886718737829688
0.32239270166328611639081081798889 0.075544281092347188211207426312746
0.31672671240657125986597998481841 0.071581694834270192270303141861994
0.3111563579159733754770586344791 0.067827598907473788956385857182895
0.30568037214501074334852581256889 0.064270953947658124515675752234979
0.3002974735948184920065912719692 0.060901312467211907042943610845765
0.29500636894976456931317013193302 0.057708786393162368470114451377212
0.28980575634990650781779352036788 0.054684016450650370154308025245791
0.28469432832830238475673047971789 0.051818143279645527580930342694609
0.27967077444891466352662285741449 0.0491027801856550803153287365044
0.27473378367038089742653380408197 0.046529987426504569612942200583801
0.26988204646052691693695721224786 0.044092247944519992676938137586676
0.26511425668786161155527426002281 0.041782444460718553232105428778603
0.26042911330709274685556174803367 0.039593837849066083533765140275872
0.25582532186106652850165518299558 0.037520046717497994468488129868484
0.25130159581287236348725986151229 0.035555028123600682520194437065683
0.24685665772885059386845499800501 0.033693059361110204507522498187105
0.24248924031881478798720089735032 0.031928720751704489757277245799799
0.23819808735753085247060188938467 0.030256879388558776226779944549056
0.233981954486728504139053096974472 0.028672673771744296771294845183487
0.22983960991861204809500572296647 0.027171499288369944927687525392647
0.225769835043994971807720692121113 0.025748994486596254792899454439002
0.221771424958830874449661486657607 0.024401028100079554677234810444268
0.217843188911893473759911105568217 0.023123686778396267442329662849337
0.213983950685874971980377338042571 0.021913263485213851894631238314031
0.210192548914785070734880218542212 0.020766246525324425302190884984176
0.206467837344285700424414077615406 0.019679309165483188119553322102368
0.202808685047053017673067010765558 0.018649299817690622363340986755556
0.199213976584058802804228871476041 0.017673232749478973342668124718301
0.195682612128740871379210236145817 0.016748279295547306951028652761391
0.192213507556186115324214593466138 0.015871759542245827935975785362021
0.188805594495161105913998944206592 0.015041134457269176655329608205958
0.185457820353624372154870456355203 0.014253998441885009341440533796265
0.182169148311821514781003617823882 0.013508072280323256552120836962036
0.178938557299822876950210237445175 0.012801196467831412244841219477763
0.175765041943117236345729281241495 0.012131324892412497290399298759243
0.172647612499863580537994364100387 0.011496518855654767329429593602882
0.169585294771895485680234284204942 0.010894941409916311975371333577908
0.166577130003831366648672247122062 0.010324851997371036490629094769656
0.163622174771857365663442850250169 0.00978460137441216640978318407669
0.160719500860199887153124861347749 0.009272626805268539526628870534076
0.157868195113040774713219070402258 0.008787447508050969339325575889623
0.155067359304457673603624825033281 0.008327660346756871903027864997823
0.152316109975579660737755126318312 0.007891935747054191451043121095025
0.149613578277625927441928547910697 0.0074790138302638158254238309856206
0.146958909798685162689601827944255 0.0070877007501134673565738188205534
0.144351264398047033978843291746631 0.0067168652249165185627589602546017
0.14178981604005453481335813916518 0.0063654352531926013726022935162951
0.139273752592016866499902184251852 0.0060323949981544025075357202853615
0.136802275655958262111436935459979 0.0057167818415661126271012268043074
0.134374600389200411846913949528941 0.0054176835915074007306497051949343
0.131989955305507870387599400393266 0.0051342358350676499317849056542676
0.129647582086409942639682442389322 0.0048656194319626806743292210844643
0.127346735413622549886932105889544 0.0046110581424646609897713226419892
0.125086682744948418774631501216663 0.004369816373883881084819416058496
0.122866704171324138194834730814659 0.0041411970543834259061954776451771
0.12068609216025356766741035001993 0.0039245396067054634860291031733664
0.118544151439597391848460606789439 0.0037192180426295488536987555682189
0.116440198768345150501310659738914 0.0035246391460960841339584479619036
0.114373562750447304944990911600827 0.0033402407560742729577112464341103
0.112343583649784182716090024538571 0.0031654901395761756209979646817212
0.110349613225910506158402419096987 0.0029998824516507165453929543508479
0.108391014534867799851402070789086 0.0028429392730694358432968828374105
0.10646716170377063818328708068889 0.0026942072228406569299626085837311
0.104577439866035783897792787744876 0.0025532566556812056174653349378441
0.102721244840529519513343836532004 0.0024196804082074621089549125432026
0.100897983075557805363689215765173 0.0022930926304571206103845822200577
0.09910707137005142346264671339807 0.0021731276625380963392950673543817
0.097347936759495090808291189917815 0.0020594389816178783650205945535304
0.095620016431585970846968651791886 0.0019516982051782655046420535487836
0.093922757310860080063767158328381 0.0018495941259903398039582913378681
0.092255616162708467431759868660615 0.001752831829513143286621867093494
0.090618059262743054513968721131803 0.0016611318309790520890205540636757
0.089009562248196550202722143672279 0.001574229268746623332700548110864
0.087429610116304775333442623213 0.0014918731471818550881572225809517
0.085877696755612670202426668368526 0.0014138255947134143587638444878603
0.084353325159614590705373068748507 0.0013398611956568141076508453597137
0.082856006979935367721943293619823 0.0012697663236823858775778381978132
0.081385262512807618521889014702211 0.0012033385315355481406853580667728
0.079940620482850323924047732805374 0.0011403859629260302403307587129109
0.0785216181322301081290209663573 0.0010807268081988263574017485257577