1.18732160826639657828107916780075 157.693245820293429968202448354361
1.09204348105117076808873429902735 121.93830267029413870875103359225
1.0059739226817698091216284899907 94.634285515753042163027343813936
0.928249668852002843612478913056 73.730638700738692003284876248567
0.85809384893792288525567382806953 57.68440950765661937932472142563
0.794809601364843045934573168577967 45.33297946549969028394068356054
0.737774746731829510999611018704036 35.798995792390068452590992369453
0.686437365752540301398295233085009 28.419291459394608981183409397677
0.640312041430005092254318326786077 22.6916867955931860782359086751359
0.598976410718781855887665043009873 18.2351301514664353020689988496246
0.562067544237747494122774650221981 14.7597989692109724013773077580449
0.52927756396030620238423975261713 12.0446485242790819125488516465795
0.500347868765910805622213065352935 9.9205395241280001810319731268445
0.475061432496671766394994213078679 8.2575536954769528213404057506056
0.453232930949138189606893067896294 6.9554599765806855186785715969329
0.434696961650109773489663920566625 5.9365541620117680462966052108029
0.419295268245746338880163556441787 5.1402858659746124316891081197623
0.406864474606162794314746230555254 4.5192274524480438803058446166599
0.397226102256687733616681528817804 4.0360450819605057899506621704266
0.390180378685959710070348483952103 3.6612133992610054467121535091657
0.385504553261354828078208543188587 3.371279951081710617274960643357
0.382955403341868347385238813058469 3.1475370594332538805975809537456
0.382274753422467108339004773978342 2.974999172832374943983849750912
0.383196456286643173113001926267263 2.8416134973864745289033247291367
0.38545343978721265271699183787226 2.7376521854777846651322262136039
0.388783908988323340050115959086585 2.6552474663760547080471317704777
0.392936336761270799328038113703001 2.5880391381542244654477008596636
0.397673277913921862177942197748543 2.5309089160710592990894166165708
0.402774235667670470837436673256619 2.4797798233968308077519033920373
0.408037829790498541479142049677762 2.4314620814532448329334772332571
0.413283439997167979758978240195473 2.3835302632415903863723897875558
0.418352398564003375983750840241828 2.3342199172682039994763942484244
0.423108728713000769372306675106859 2.2823353193677185415868296616426
0.427439388813017080547473080562224 2.2271632344933613299050544227478
0.431253985349204919232646467499062 2.1683903164268641935934316312754
0.434483947719797913988051804146444 2.1060238501119929348534450814949
0.437081199946610351632111586911788 2.0403168639879384558701393930792
0.439016404962798830003076861703053 1.9716992413362035516930042738769
0.4402768872208601302840499769207 1.9007164699314140376475192656604
0.440864354752357112196906225102931 1.827977274087860767034286214575
0.440792542398945593124863518307063 1.7541107685481675255544268214342
0.440084886387748744284593839598922 1.67973312902535151252477537852
0.43877232074621525600112435401712 1.6054232106564352574114483057564
0.436891262429946249102137535309464 1.53170613072371455302303068145911
0.43448182804568783292680950359044 1.45904358636157427130828350096538
0.43158630328045174458173490697055 1.38782958864229464951096697050122
0.42824786813227407089887127476382 1.31839032936533406092879641347591
0.424509567391717872700330356082198 1.25098701718390169007007289386122
0.420413506480460552456468049805289 1.18582068842324998883781794273936
0.416000247215000211948665582452961 1.12303818476614334086860844016235
0.411308375609857737117591614154766 1.06273867296049011270464960038079
0.406374213697297055768842305933256 1.00498024705381962565527260168621
0.401231648801733491312040826513224 0.94978629428059062106801635110565
0.395912056154461201509570523638221 0.89715141943533515597611916571889
0.39044429369025930132150874504248 0.847046810451857721725446946282
0.384854750982747832363477679395068 0.79942499291589957440594807369287
0.379167437302678613080694677795539 0.75422396704795260949156342766972
0.373404096584620741382622600591718 0.71137075123887584946336016614737
0.367584339571171812491880132998347 0.67078437499579429384653909808044
0.361725785548426303263969656293034 0.63237837430444327996521344700946
0.355844207887611280299592199625328 0.59606284641847162230538215421823
0.349953679092316103802967616937915 0.56174612095731672434459909606841
0.344066712249402568981508380480066 0.52933610141934410302065961866842
0.338194396732624822487168034693669 0.49874132690031793591148609186939
0.332346526750852790945425555810102 0.4698717987350595539477979541926
0.326531721902655545736330139332627 0.44263961147760869790762304243359
0.320757539325831854444658101539245 0.41695942243741568774948988992865
0.315030577348450792649271678682268 0.392748789131615533711672694366
0.309356570772189526829203353560979 0.36992839957184207496817142878064
0.303740478077351694806910243062482 0.34842221636334488435599625160726
0.298186560942293346863996179453573 0.32815755213496761183340990706651
0.292698456533500836351299228945842 0.30906509083105462065504568726939
0.287279243056377986616230592516995 0.29107886684313369134971684609675
0.28193149906838431402696441746524 0.2741362117948077145400831357956
0.27665735705130409689058117311001 0.25817767697087710127263047330975
0.271458551726442236190186892211718 0.24314693786685353183672791884888
0.266336463572214945486105297404775 0.22899068606482276390837028783613
0.261292157978921969894110256499437 0.21565851260295847767662832057869
0.25632642044543814148598290772717 0.20310278614374735204881584767154
0.251439788193420191580490392688101 0.19127852854440115353327850390568
0.246632578543934486991040048420521 0.18014328985687839206331598374257
0.241904914373586148093359823743779 0.16965702432168591182368385241349
0.237256746938331843849623330544065 0.15978196853978568877786298197147
0.232687876327403457542511964852895 0.15048252270451273335507154437072
0.228197969785770469037143069360148 0.14172513553295392266179179900398
0.22378657812024714818430105236436 0.133478193340831716453827115553627
0.219453150383810785910578070364835 0.125711913551929224096050481674366
0.215197047013628449598098699056024 0.118398242812180969667538695461133
0.211017551580899453532848485800329 0.111510759784140514838888906305055
0.206913881294611241102427767473986 0.105024582624306416364943479483248
0.202885196387296096753572509475489 0.098916281090699462293770026206863
0.198930608497558950680616604190959 0.093163793185745450004910509899472
0.195049188152723656791832450431721 0.087746346209322122746401304371163
0.191239971444368375687748190298492 0.082644382074928330132519883433816
0.187501965979842188063258408319542 0.077839486726845381408668738691688
0.183834156184337904791398975782522 0.073314323486919068113741773595635
0.180235508021026586394554760774291 0.069052570155305139626193958829686
0.176704973188671720446851361378436 0.065038859686311472062500207828229
0.173241492851323958630024568784719 0.061258724263057552237557268896319
0.169844000948051576318880520686774 0.057698542596090466237322597138112
0.166511427126358903305318862664233 0.054345490276132764252372418561126
0.163242699338131082250141357307376 0.051187493015967682691443443897899
0.16003674613322414058102320652747 0.048213182622722215405063230281183
0.156892498681892664261190501900993 0.04541185554789217264042529551729
0.153808892554292893915897727989173 0.042773433869428000512711172900968
0.15078486928232580793781285325317 0.040288428566931878858590392081005
0.147819377726500647867171757251482 0.037947904957854848254408270551475
0.144911375268205470880835243322095 0.035743450169365344999977701500207
0.142059828845657174952652432259939 0.03366714252714722149222291940968
0.139263715849752058234765964918454 0.031711522748690903421663132277914
0.136522024894748956423049765923072 0.029869566835144061950811391411282
0.13383375647737813304930002203522 0.028134660561808221794983517256905
0.131197923535109935641982275744357 0.026500575472082779992445275850128
0.128613551915709254755435891463245 0.024961446286847090754502990572227
0.126079680766346101948620409139593 0.023511749644601212389348260504462
0.123595362852154640730189349779091 0.022146284094242312992769578827716
0.121159664810393465852534710259062 0.020860151265284119793299744950003
0.118771667348983128814341167220284 0.019648738146687458198248592122351
0.116430465394008348041502252144196 0.018507700407646629668775089119072
0.114135168192270139539745114153163 0.017432946698835413417010206788689
0.111884899375439305912444618225554 0.016420623876673922232404890686522
0.109678796987491969994910578507236 0.015467103094588816236266863123523
0.107516013481772346790891515596005 0.014568966710994420904714713957153
0.10539571569005304437124002438958 0.013722995965082048474272145950355
0.103317084768263386698582697877512 0.0129261593755690676645451919501862
0.101279316119704382425412337533021 0.01217560181883304906548947331422
0.09928161930060284007801573385238 0.0114686342471678835878714438048372
0.097323217908621477394372632954801 0.0108027240087164484044142354950511
0.095403349457167105200553476765128 0.010175485733877931157183423374401
0.093521265238280662373979836394995 0.0095846727550726154627143338902319
0.091676230173113773140544121852679 0.0090281690275934875960775992700249
0.089867522655493453191330430437683 0.0085039815233018555334325944633796
0.088094434386176226621440787956815 0.0080102330681912034726347820765409
0.086356270200973080268107637214319 0.0075451555983445576437533875455148
0.084652347892744605187136276692252 0.007107083809412202277195944596941
0.082981998031095881754177109743378 0.0066944491772404810972031901924494
0.081344563776009523335375256641576 0.0063057743266864048524646434870557
0.079739400690417884515027123242614 0.0059396677292804915060157474845597
0.078165876547735385302163198717242 0.0055948187093776142032626487458785
0.076623371142630086376642874306247 0.0052699927424503110890433410598726
0.075111276097108017290580764451587 0.0049640270265252251574880934842962
0.073628994666610217303585693099479 0.0046758263117555713824443364960982
0.072175941547614500122528608262643 0.0044043589732053340685022100735302
0.070751542682922235783154603909222 0.0041486533118274250035843481198622
0.06935523507186418913338102803036 0.0039077940715736294919164032316212
0.067986466574700652522097989238423 0.0036809191580633859597775962038192
0.066644695726004298748361914015558 0.0034672165495576636827995385654265
0.065329391545470479179952884933325 0.003265921386974328826065115828025
0.064040033347377508022120691939276 0.0030763132327882993251149596451032
0.06277611055723020066363690146761 0.0028977134902167776841290418846091
0.061537122530548047754415226064861 0.0027294829724851006652700819734546
0.060322578368306424735987542480147 0.0025710196127071310459237680548252
0.059131996735295090288672624755984 0.0024217563070981144390286082708508
0.057964905691424698341115660869227 0.0022811588848992111086502515230966
0.056820842505863663645796380462825 0.0021487241939312123152798840747305
0.055699353496758454334714497065308 0.0020239783001941750856517462869414
0.054599993851541786744763306383174 0.0019064747895862848930259381632519
0.053522327462917776169502495354547 0.0017957931698445386872432164303199
0.052465926770113155902547022754071 0.0016915373655594001206974404226473
0.051430372587181303373148568219882 0.0015933342991023828738899169433888
0.050415253944259003787152687342776 0.0015008325551016256344259251405024
0.049420167941729106752831933987845 0.0014137011233844219645136898462328
0.048444719584903056759965160053035 0.00133162821296292479249337425034223
0.047488521633635356198646753466922 0.00125432013606886979165398424029119
0.046551194451613816347501466922516 0.00118150025677517734166144441403418
0.04563236587587059438770768397927 0.0011129080020034260169187593156772
0.044731671043736336474960996645992 0.00104829792659741106296596285498004
0.043848752279892611530181035918808 0.00098743883696219905160467603443526
0.042983258929893779596875921372908 0.0009301129616129872911191808929749
0.04213484726772552147456314918439 0.00087611517468740247585285931194482
0.04130318028947248295216032695057 0.00082525225708461966152371849256399
0.0404879276639474571054752657175643 0.000777342210202102866443171191756
0.0396887655503298123958207918871473 0.00073221360116751182303764494745493
0.0389053764728170534924182351820897 0.00068970494954736355130434679953618
0.0381374492165002487277734248458176 0.00064966415061300240551795237920573
0.037384678722940329158116914140341 0.00061194793177889531116615660480273
0.0366467658948782074726716664697848 0.00057642133606147578350817325473283
0.035923417575851425320740993669303 0.00054295724400471785908782680019323
0.035214346349352644309355342765635 0.00051143591460180699937883103143154
0.034519270476157385796229297194647 0.00048174455925002718541206216376548
0.0338379138146641186261019833250582 0.00045377693928186882751128042440484
0.0331700055881332697069536414085634 0.00042743298064870011064277064513566
0.0325152804365481278853096000331086 0.00040261842233876434539980375568994
0.0318734781517291492008934201531507 0.00037924447275331116203537507438551
0.031244343743496731347552463209863 0.0003572274983635074172850289389977
0.0306276271802993387714546748953112 0.00033648871859346730634284683534525
0.0300230833897825932407841773057341 0.00031695392754766690246133512988344
0.0294304721193454597569492518741749 0.00029855322699292064553213208004449
0.0288495579178705929234825016720823 0.00028122077857137015746424094687707