0.9140399303738751270459846690672 70.396077447537766766019221923948
0.83709081776095394141780933380618 53.527347432169539397004830020727
0.76651865286857111466471791916226 40.619256887369533072499518801102
0.701524609037873686629239625204182 30.720112565819870169538002890873
0.64137914320871506032893959622636 23.1164234463333054646196892152118
0.585429363671991704457314889590995 17.2730639730575193884567935620753
0.533112780779934991007610485979923 12.7882495049071825295502484018977
0.483978650177264320656583774842183 9.3594570989406934954238439347611
0.437717839974466516279750460346694 6.7574615547805820284046937744049
0.394201016251076286507188158869819 4.8064728716137701844245096105572
0.353521727896384116577462984281037 3.3690148208220597012673026111023
0.316033496406250613010918079335842 2.33470022463054262582211047770981
0.282356140796688834709862963406395 1.61242703314604398205426008300003
0.253309861829007053174274109390067 1.1256875568884135238318848556469
0.229737431650241316035648396507204 0.81055562182126928582242901253542
0.212233610169187853106429978152869 0.61545370386993605011170833083044
0.200910994487046157157650101291327 0.50129210839451153758535794072712
0.195368198473339973526343730172616 0.4406783870210375722247172332785
0.194882786971471428406459747885871 0.41586332016775201429437738100165
0.198675482067448544372392543958423 0.41609066229118552641673346174002
0.206091039503691373913572523137087 0.435188309081447226353584312986
0.216659085401900203713497228868647 0.46979068903057889510992150248212
0.230076561255316121755264311425008 0.51816408323930213418250655456422
0.246159969686008011722354676962951 0.57945507153160064410366511847469
0.264795219100072764725847491488016 0.65319777972620326836684321832512
0.285895743376014582904242079677976 0.73897499776583959151400688045493
0.309371027733456711298833737672313 0.83617830535808910189387324452885
0.335104594961685943453268018667161 0.94384315497037435919267096027072
0.362939860032101761585269353828079 1.06055028609944624853552677563184
0.392672452726211475433336112982381 1.18439045312070509954462602045729
0.424047964012921030141476252302843 1.31298950976665167927047938004457
0.45676433844103751733382996492332 1.44358815946379339512122654944169
0.49047823835723269772433617579593 1.5731668260711185591533031341501
0.52481466098152360107263056857354 1.69860222394351290007690773367
0.5593789571691861625536920009989 1.8168391912089341724893678683395
0.59377025862742666490759739004993 1.9250599598538773930453993274631
0.62759523783285361198861027007729 2.0208337980791960260446990411615
0.66048114584451434091436996070859 2.1022329764857877531048410911672
0.69208720847700224920437541536364 2.1679058573009947348399345465113
0.7221136916045283437975967275149 2.217103723946367414799799080728
0.75030823208870838210276661812812 2.2496636964826290613593528697321
0.77646932519431864948453186386132 2.2659547549385557233549881348622
0.80044712057764507646342816581505 2.2667968903340737198425797424779
0.82214187797593745305555975977273 2.2533645299924166844487426089001
0.84150055763920565850017704052653 2.2270848445230488665762862874901
0.8585120707587068857112883863971 2.1895398022601148748999250120272
0.87320170366449875379538564256074 2.1423784518209633419211749378782
0.88562517370783924641883403650435 2.0872433962991418332803979738939
0.89586269292900371911531232861996 2.0257131542579615719795489434704
0.90401332378302650058439258161869 1.9592603025315585248019634904531
0.91018982182717098325481732990633 1.8892240425003762156822691763702
0.91451408109293923404192419538122 1.8167950949739187457681380519903
0.91711323312527322409533096250979 1.7430105205213318094481260526366
0.91811640143668265594927008813453 1.6687560680834528191794453326899
0.91765207854444006987842726672632 1.5947738642432322081356197585866
0.91584607077465248310439348534715 1.521673574884165656180230965078
0.91281994413120747288039384796561 1.449945529833245102469810618271
0.90868990026495211038910141219088 1.3799746522227323970061463280894
0.90356601265946295025901233266944 1.3120543495022753838276256098292
0.89755175759781457056648629863295 1.2463997884796753962712550546944
0.89074378102742687214711421930972 1.183160190138596050570531582601
0.88323184983224129489558474938147 1.1224299432479020240375260320429
0.87509894357974492824244725061807 1.0642584555615448436321897427633
0.86642145002725509428962843320997 1.0086587451064539506485655881405
0.85726943436600007272131287568002 0.9556148295406134701196323449243
0.84770695793064436645648262018677 0.9050880046151020331017697440298
0.83779242727613607053323837849969 0.857022120734432893739331255443
0.8275789587031649123357362416778 0.81134797256436390805939386195
0.81711474693132514308352838772638 0.7679869156093836483897766396917
0.80644342948681096558045286125919 0.7268538175086515193363283562556
0.79560444068721519567795641386443 0.6878594429299257966404670118303
0.78463335106188867978178075474538 0.6509123610545670047671933374577
0.77356218931062667386659617767761 0.61592045361274055809272959311936
0.76241974527644978016213707287311 0.58279209184954681567572340185288
0.75123185301438427140513474761268 0.5514370405592316535363451085025
0.74002165385647489527831629163484 0.52176713906566062572938849325321
0.72880983974222562258859681719035 0.4936968010018000842016164239709
0.71761487743237664135404738588611 0.46714336797732538125833489312179
0.70645321447462204399829021043661 0.44202734637378653569172180084776
0.69533946787027522979840158093514 0.41827255132508798537643436284899
0.68428659654967051856480827291411 0.39580617780743243637600782590367
0.67330605873633262212904472546565 0.37455881501942298524393402155097
0.66240795530059939431502280910014 0.35446441725032560373471107003507
0.65160116018222397633336876718558 0.33546024191913771532033817075485
0.64089343893884336034226915558449 0.31748676340601420122790149800295
0.63029155638382982744062898730899 0.30048756950978866716002408395925
0.61980137425190202556613313950889 0.28440924601061054919015226065344
0.60942793978796061259190791147429 0.26920125368457799859793617508521
0.59917556602289995949097135639878 0.25481580108004807375403722202475
0.58904790451515150368377650164355 0.24120771571736664613728010815127
0.57904801126119912942023218856258 0.2283343157285426286239102749833
0.56917840632275798132849020185506 0.21615528334331962563768043070035
0.55944112788434137605893086174891 0.2046325415043082278537213949108
0.54983778113612333548677639781801 0.19373013424972807067968105748938
0.54036958253153836175252374062858 0.18341411150396150549979365225396
0.53103739985162147130618897453225 0.17365241862554908536593902630459
0.52184178845777115305398619077418 0.1644147909026277461234066121279
0.51278302406407019511948729943396 0.15567265306056371247324281130477
0.50386113245834316942036350558033 0.14739902388008290497811573224096
0.49507591631823970036879129865654 0.13956842571628840956033823233882
0.48642697952171626507250977888942 0.1321567989276023316034576625173
0.47791374912139932280664335802184 0.12514142099379949167826715351684
0.46953549521829061889278930160482 0.1185008301635175587908554622312
0.46129134893226919972148490545228 0.11221475343919507446848783818009
0.45318031867468166998234757075264 0.10626403871719822530413952069279
0.44520130483044057411552441389116 0.10063059083678867384778682118101
0.43735311306110614178517435544692 0.09529731138106876302484560836635
0.42963446630308183005489577466112 0.09024804198507843266857395327371
0.42204401560723810708229767278762 0.08546751097419673464181050393591
0.41458034996017669950937216171638 0.08094128316048659729261517711147
0.40724200511764708312510466183695 0.07665571257063460500776808089872
0.40002747160209025541542706391766 0.07259789797035564053904006217486
0.39293520188444987709279176919136 0.06875564098317664376786843081508
0.38596361691397636053221478196336 0.06511740669645679756781432759356
0.37911111193162151119831042705925 0.061672286534334875509964914274328
0.37237606177116887982120502909386 0.058409963334431231569578473842314
0.3657568255910148742605663413872 0.055320678436643178687098916416734
0.35925175113208327092628527839604 0.052395200685039699982704728014297
0.35285917855801796108439642110139 0.04962479723032848871358646529039
0.34657744387249602538416818094607 0.047001206003070216623779354497621
0.34040488201440453363033707737228 0.044516609783323551729397043591004
0.33433982960032555014956336218823 0.042163611742869653134687824031145
0.32838062739757464749941350627145 0.039935212392345731931678623288236
0.32252562249324694053997686627452 0.037824787824979151700579240346869
0.31677317027013618560139602073268 0.035826069210742067717930583832423
0.31112163612753959601225250481068 0.033933123435167027233047417227053
0.30556939701988804578231646075609 0.032140334833521181855038761558154
0.30011484280689834495941523630788 0.030442387946719632442552728685539
0.29475637745529670544770995676117 0.028834251245952979991169562046798
0.28949242006702811114953664519954 0.027311161756806199746886470596788
0.28432140580884181456244062107699 0.025868610548276421310281566267103
0.27924178668356557478839054798268 0.024502329015403440546312995952696
0.27425203222959192448407540632782 0.023208275930456145453766589231224
0.26935063008061152466676965882737 0.021982625197219265039263419593145
0.26453608647858702834600883710566 0.020821754289658619079014832748872
0.25980692666918615382443052209236 0.019722233315678880935888129691279
0.25516169525179759685184733673576 0.018680814686160965825790889278099
0.25059895644128489919209797774598 0.017694423343083187511272667401393
0.24611729428654274503961448828905 0.016760147523962874029132893680973
0.24171531283279901755971308672605 0.015875230027987203524776757755685
0.23739163622551617354232507128607 0.015037059954359271221933978038677
0.23314490878327800957781061412884 0.014243164890962641371856311010945
0.22897379503067231274861894533707 0.013491203525398078066323744002525
0.22487697968733123330657975611482 0.012778958653632470719883139539774
0.22085316762250845742153848174747 0.012104330565461631247389255900714
0.21690108381780371559424096707344 0.011465330792304823532467876908451
0.21301947324910642633746875699399 0.010860076182145503348874361729602
0.20920710078871361473299804920686 0.010286783299870195033529468658469
0.2054627510747419005353376768129 0.009743763125995388846226589227369
0.20178522836091073979037762313914 0.009229416039337858291477453863233
0.19817335634838722391952092658146 0.008742227068143425255336574826386
0.19462597802525592184522402915601 0.00828076139813843069274657984217
0.19114195544219394258753424462522 0.007843660114001433111927464702865
0.187720169567475159031800165142585 0.00742963617968425972281776373158
0.184359520013901378627116673703258 0.007037470618587068136763298893571
0.181058924879423961145346551157646 0.006666008912111207434260130281751
0.177817320498788453846160843574472 0.006314157580353239408484386650125
0.174633661207097637642153272620026 0.0059808809471919398412118089607391
0.171506919140373924370355110798822 0.0056651980818435739612811291076131
0.16843608395702329268502154567238 0.0053661798953968398214054734139164
0.165420162632595605138652282066048 0.0050829463994438070325491023182309
0.162458179223067246909565078611871 0.0048146641072959689457038448213074
0.159549174556156290113310182012206 0.0045605435671727646391772644889587
0.156692206100859924598774594781486 0.0043198370421328895308096936603931
0.153886347594779516278023057939083 0.0040918362923290318533660424774141
0.151130688907775610501205898039851 0.0038758704948193315017756178105491
0.148424335755834609256049812399679 0.0036713042611900315229093042732886
0.145766409414081045791065171598332 0.0034775357607102342608247023063631
0.143156046552203138379528200620675 0.0032939949518527375536508981076075
0.140592398959273056741728830040041 0.0031201418991848679961123531568251
0.138074633232281154790450043008372 0.0029554651773790966071754974761949
0.135601930661752014818171319845768 0.0027994803725878753501909347194737
0.133173486973616552762716621049785 0.0026517286531945399863451796101387
0.130788511984036845448856419852557 0.0025117754113287585952370850647427
0.128446229399763312685230471599894 0.0023792089852866600193198366507452
0.126145876778170806932412502385853 0.0022536394576546455935094343652433
0.123886705044661501241427667816103 0.0021346974923541438131457921336059
0.121667978377670750450926622292245 0.0020220332535935696339800534883694
0.119488973979112672896392480761162 0.0019153153754258246019709863318149
0.117348981845812009048707188441081 0.0018142299857731263228034566339432
0.115247304697811963472551457859889 0.0017184797890134738217642457596348
0.113183257406650590375266786235266 0.0016277831743239377229512074110526
0.111156167246755711437927705893895 0.0015418734078228553901346971345142
0.109165373127449939586986426913731 0.0014604978231994799167844997821067
0.107210226145194382089781512324852 0.0013834171098113700712167002562221
0.105290088431910473036711763911039 0.0013104045698454761398300371072248
0.103404333789292649302714804464612 0.001241245484785198744790884022106
0.101552347173707486293522068293649 0.0011757364703274207851972664797352
0.099733524495607883152636196671317 0.0011136848777030519701247286414754