0.964268638740725052908393933282 83.070237999643089760227187577599
0.88486138293269273135925929854532 63.601700591822943856549688908867
0.81250064984203314839295322771617 48.71445136873995069533921934639
0.746407739459274649808585393611685 37.302149730739614103780908555348
0.68587747172576818236046713973931 28.533935804163438727779329476504
0.630280966462585041024009327116695 21.785337470084035191294244090501
0.579072457937451163225601568416942 16.5864950442105093448636513281274
0.531800411823909533401128536486752 12.5832402235584207455834017215681
0.488122712394172595046895340333367 9.5077291513767347953828671307538
0.447824662253248620407721889041441 7.156215029851525953412103808221
0.410836655596169292975584036929851 5.3722259591041618816082324752011
0.377245353910768483242354863508172 4.0339332218389600743370376431464
0.347288286207347183126792157345388 3.0448739060621511526791532970675
0.321319045567645105678466242637888 2.32742971391736864731611829271504
0.299733628005493456285818671428769 1.81855403065862156706147376993867
0.282863908199598112877711859320702 1.46719597773267412724754254852886
0.270869740328824443541246365767194 1.2327698012694963059890922428873
0.263677401073515117165456600968029 1.08400580970981926489275268904312
0.260995156777898586215887544278936 0.99771039587124297696482562997156
0.262392546352934585824373395610721 0.95729888946855777846753619466502
0.267397534580041921612324315716162 0.95123972322332976210083260494628
0.275570162216575643844551865918768 0.97162336925535516912096006692623
0.286537691882324087346715489288828 1.01299080260698575794169348189859
0.299997823348582829813582295643958 1.0714482145613866668940160100082
0.315703759149785561546092008182741 1.1440299280442368932103603926791
0.333442787418181785010078256614036 1.22825399015406644424074290029199
0.353015472026719604467960409480608 1.32182249801705124455621895243751
0.374218846417709587311894817019166 1.42243262018107746776907144754049
0.396834798647560331789114372338974 1.52767562795473307400907369219479
0.420623709119109825588573756461735 1.63500779552651999044384813791621
0.445322870552517856408887296990249 1.741779430978618243683708051281
0.47064896085169751645479741997922 1.8453081010478675128781694072224
0.49630369486405400087971596815238 1.9429808845475616611696063795339
0.52198169461327554391585468861406 2.0323695430061312907892011507126
0.54737958446281286183299190508974 2.1113427468899409360560156783436
0.57220534917357973059237925650667 2.1781613783778564387412996135803
0.59618709608365446523183643598938 2.2315463808314290009162949282779
0.61908053156499467328574099931462 2.2707131437175744633110416659438
0.64067467660576429879529082907248 2.2953712407484411887913515480172
0.66079557825558771666600790179201 2.3056926826649376527215316376364
0.67930799287918700798617656560031 2.3022550802257170013724997230343
0.69611519916441110649469099410563 2.2859679137085314106317428464138
0.71115722868740794895923735077212 2.2579904740398387002471284008323
0.72440787516160841580201576490662 2.2196492369526674917465046872884
0.73587086494814221168515929076664 2.1723608577042342046814289444178
0.74557555162481261749887064672839 2.1175650558741734775694767964458
0.75357244960249148365758699713746 2.056669757344856226009146252257
0.75992885894704375747211789783277 1.9910092214001880888375438095263
0.76472476661769678543484930296347 1.9218146331272825016250766599304
0.76804914613654549657343984731889 1.8501958126427800894187393792641
0.7699967231789564780073296922991 1.7771322431893423974682697292856
0.77066523093632162046953447522801 1.7034714726765150270899909437784
0.7701531466827750703752543500792 1.6299330103257026223691127297016
0.76855787884021803116562174653037 1.5571160403239188926670038554902
0.76597436031738818157086823471113 1.4855095410919089942525138619007
0.76249399721567394222621908474109 1.4155036838075752284742289047023
0.75820392027981655410474088202134 1.3474016548669583414342377316203
0.7531864882347996102251796649846 1.2814312864284200410200831459113
0.74751899602967509944979480193135 1.2177560786541607391460003650838
0.74127354610446763450021108472534 1.1564853561266976409799447767401
0.73451704633476570626763825330134 1.0976834218288084259148967246557
0.7273113038328825737774967520959 1.0413776603086323389468115562151
0.71971318900344251966702073888214 0.9875656030825092304909141111804
0.71177484895102523965805999222631 0.9362210094557010781518487443788
0.7035439534857873101762030132449 0.8872990400835487970854022111959
0.69506396051432224215246450298529 0.8407406128762784959364519577588
0.68637439058383410112104830053416 0.79647603485671771999419396022702
0.6775111028336541036695023630016 0.75442800207825097726118147916692
0.66850656659165389993010262261154 0.71451405450535418693120078074769
0.65939012449522298034544591155818 0.67664856571772807985824516726037
0.65018824427634617607416870891144 0.64074433911003889181951178756947
0.64092475735882501608688299303959 0.60671387392434238614489773808563
0.63162108319839693823384484909564 0.57447035634174183001100989502393
0.62229643886025196188652035009871 0.54392842316577089540049345288033
0.61296803378299381736901542231596 0.51500473872980998623335221638636
0.60365124998826056226480514515362 0.48761841941890582830560966919196
0.59435980821598013570609485818402 0.46169133471742306349276197231276
0.58510592062655681674575862584241 0.43714830896391087048754169452059
0.57590043079578042299297437958667 0.41391724387634250911116110609332
0.56675294178822564043990305354229 0.39192917844088572664912420576265
0.55767193311705245610053537389089 0.3711182998046812534131501074467
0.54866486738930988125421399889199 0.35142191631441378456481169736115
0.53973828743612566866539567451586 0.33278040180190815432051789057467
0.53089790466460780951979755148222 0.31513711842263060642877602652109
0.52214867937846455873043829216757 0.29843832401243606399718770892405
0.51349489372226844081188492340994 0.28263306864798008436460675850203
0.50494021790004397823945682779496 0.26767308420051033640466183543917
0.49648777025595853912825272162169 0.25351266984172721723176624098464
0.48814017175816233066645975410485 0.24010857580978933347640345379249
0.47989959539692655820391409883531 0.22741988723805540372250655284838
0.47176781095677915256233939905619 0.21540790940566578759153957839198
0.46374622558526138144344965939085 0.20403605542998018177980525785987
0.45583592054885167117779262752823 0.19326973715211713370891878540756
0.4480376845267753654886992122101 0.18307625973946771117378660183055
0.44035204376585481261997978883797 0.17342472036125552730755421964037
0.43277928938878959498102543257851 0.16428591115428939120511623649383
0.42531950212265588406051250191033 0.1556322265910062570675457159066
0.41797257468768358577010052043575 0.14743757527707802305974190741598
0.41073823206795303807679826902712 0.13967729614776846928989386774025
0.40361604985858778478070037552833 0.13232807897793214646550792288063
0.39660547087503006124137554064054 0.12536788909645786569388433479438
0.38970582018137771040358148021107 0.11877589615918088212031935651638
0.3829163186926867036133315482428 0.11253240683106348700861522193499
0.3762360954780830509847860381175 0.10661880120410028390852636058249
0.36966419889027914952828396341995 0.10101747278285339336294897264177
0.36319960663184261241688242314303 0.09571177186345123935752952239275
0.35684123485387223284417456268238 0.09068595212930196233141866429595
0.35058794638026286624808662213761 0.08592512029563373581271865464576
0.34443855813924800025290183345571 0.08141518863666214083413564031434
0.33839184787525959535110684822116 0.07714283023400306849349882224834
0.33244656020493370054935380632474 0.073095436790033704379525208909146
0.32660141208730490220363769956047 0.069261078865177616553280041460579
0.32085509775064103036830252559387 0.065628468389912990459465321865909
0.31520629313677911816025647055753 0.062186923325721921865917633075901
0.30965365990038014237628344219776 0.058926334343540320124659861712081
0.30419584901095094816475694585511 0.055837133404685984454831075584581
0.29883150398697437218276796082813 0.052910264127052158941825616261755
0.29355926380295395432262990357984 0.050137153834813749347255033680555
0.28837776549691510040145759847401 0.04750968719002191896772654872755
0.28328564650385484530976747044716 0.04502018131129726085488986396826
0.27828154674716880382840484051955 0.042661362295030791073199892421946
0.27336411050210788546501434337075 0.04042634305195011525577658181884
0.26853198805940562406030090524025 0.038308602385150130082416606526937
0.26378383720246461495187129314414 0.036301965234162323255632595291604
0.25911832452241907388000000697216 0.034400584019893132889915369606321
0.25453412657530351531309944627256 0.032598921021476921643066741982136
0.25002993090876838340077594222719 0.030891731730527802973973520825165
0.24560443696016048715493608144084 0.029274049121746110902143308228215
0.24125635684364552979990145749221 0.027741168789423052474202248541867
0.23698441603465009327858315870974 0.026288634899195046575156628653926
0.2327873539659577359906251365259 0.024912226909950721145617268692823
0.22866392453243627548581147294194 0.02360794701807461458359040542689
0.22461289652743878368447902711454 0.022372008287998928385182890329584
0.220633054007745547888333625020658 0.021200823426806407928410671639223
0.216723196595978565679887667493495 0.020090994167414711439812421978034
0.21288213973231620710632829692401 0.019039301227778938997951352126911
0.209108714866278991212613774888466 0.01804269480980359777244311866476
0.20540176961350594673123831493744 0.017098285613355608594748376841073
0.201760167865010137329330336305429 0.016203336332120544420298009904035
0.198182789862072931963912173431929 0.01535525360704323540952477972099
0.194668532239359749480141714229852 0.014551580411705352235844987195805
0.19121630803307862534009032188486 0.013789988844378716076586043155014
0.187825046669509572825573001467352 0.013068273307207762917164058453097
0.1844936939249372332469891955994 0.012384344048655889937337919492661
0.181221211866773178472549185550664 0.011736221050979320187204842935403
0.17800657877221510924793099284629 0.011122028242713182448413317916648
0.174848789030919389652728778354877 0.010539988019424789931570057699025
0.171746853046711406263258879795475 0.009988416058267436412369341123697
0.168699797095618073886413779144635 0.009465716402470714121076400537215
0.165706663197180436900795392463883 0.008970376811210711993260983286413
0.162766508978045927884207284153225 0.008500964356209200017685524174473
0.15987840749960796004601994197411 0.008056121247259809191355196591179
0.157041447113779081942957101987061 0.007634560884375360559420213052471
0.154254731267703219246151808854652 0.0072350641120504310093629114601956
0.151517378360999387692058546208197 0.0068564756800024435744684092671036
0.148828521536942544176283478192001 0.0064977008821102593931296094326433
0.146187308519036639122594381080809 0.006157702379641524705784935381858
0.143592901398853037782084877814159 0.0058354971861056679740747019048845
0.141044476475700640585934792363985 0.0055301538179907203533756664800388
0.138541224039130260411326898472585 0.0052407895888301530322491371643795
0.136082348183645696617379000541063 0.0049665680499746669622733800591588
0.133667066617452939571798307338735 0.0047066965654357436627321262353816
0.131294610448947349681967697530032 0.0044604240120969313999178119643913
0.128964224016705425423280632510148 0.0042270386055107605721641906042631
0.126675164657903251982103290371688 0.0040058658337652213037304803375598
0.124426702554269920071953248113748 0.0037962665075795670904990148255956
0.122218120504340162750026668069831 0.003597634905681495772087946021277
0.120048713711337386256694697015796 0.0034093970193520368433450360286394
0.117917789647403727406552489296763 0.0032310088955879380453078545191361
0.115824667815714840467552404037994 0.0030619550582848936447483194966672
0.113768679542173953856126979619507 0.0029017470150527205624576605019862
0.111749167867409072897067350159578 0.0027499218498864898212878170926141
0.109765487240679732602144389607072 0.0026060408744725199075608000525686
0.107817003447805496411795060231192 0.0024696883675808145436392832487962
0.105903093329030261369807708669892 0.0023404703652329689415897960900539
0.104023144673068836898168836611982 0.0022180135265220693569021076797213
0.102176555969205090646476020028236 0.0021019640492064315002197989608055
0.100362736307140585222601409081879 0.0019919866515057642578639146498484
0.098581105097490041515237005701088 0.0018877635960794615063075183534284
0.096831091994623037403619442087797 0.0017889937772190202661691390320295
0.095112136702434114394699802776458 0.0016953918486089837557015317890469
0.09342368872951919264969843006356 0.0016066873942741359907073085290675
0.091765207355205594705802396996444 0.0015226241539698281398142957153896
0.090136161270736484375293843080118 0.0014429592723563719786337262461585
0.088536028640600108979168528229535 0.0013674626083788242250126897095444
0.086964296833915043912686316624097 0.0012959160642629190787034321505667
0.085420462138737580983447244839521 0.0012281129496325970147250446604257
0.083904029839268740788894912185756 0.0011638573948078492974118016689618
0.082414514074511500100914142427742 0.0011029637843661016427662233185613