0.81974772897118904195815028758361 50.246249533650918162911037350514
0.744899361061398125916486221051674 37.256064769189978793516542424292
0.674732764427680856863815759747477 27.312990412164705383741138514712
0.60829582646686746302312554750359 19.7043894266862973580296884522639
0.544674970228100898379851114194335 13.9001961842779883595342413923592
0.483004714320901788926719652461927 9.5062406233965120450253817467744
0.422485862772703539300154310126339 6.2282149482271220405753248724611
0.362416653498769268505305871564127 3.8433300836852307772111268287529
0.302247431429796149658604117989651 2.17764892723236215477901627907495
0.24168704142599439306015506346316 1.08784497257768923975052856299588
0.18093889096996390267147779051396 0.44668648839600109238842496409211
0.121283979899679847699357175432591 0.1320848185392752762632831245952
0.0665543691409660227229111326408883 0.0215343703064158704924694562796797
0.0257240339981169440284920333393003 0.00123323122095364032789812557658589
0.0079125924505136363187909919782908 0.000035702528857349658158507934822008
0.00415083289022327210645492689226677 5.1204044695010601204042417233056e-6
0.0037196299670118553460832303791656 3.6391119225188412003255824576677e-6
0.00422115276099209790777229827407372 5.2003726407823863721397492513431e-6
0.00547584707491211014677982510393692 0.0000109528455340282587114520813919397
0.0079144805495026743123746234602627 0.000031404359714293441383685411682911
0.0124344153266814562183451598604048 0.000113660616380818725978210778485037
0.0202661383907531440696297680649999 0.00045109553242671350194647995601335
0.0325479232228341353984416845849192 0.00168298185808360329674944523465679
0.0499123086325560168315204211754056 0.0053760031107473296692001557403162
0.072458977493520099564413230552922 0.0143515868919306673396964302804907
0.0999878172903315543338006766717 0.032476332708768413605259608140375
0.132210604290429567234159466786075 0.063958091616037948798604644554381
0.168849937886323542119190300924407 0.112519983238004190910732253242829
0.209657207695283798248259894398922 0.18077123637304821784625584711609
0.254393712366650682651573042862853 0.26988354716544119732940584555716
0.302801163883707577232096006175484 0.37953105425669119808497317036129
0.354573860221607954536285203155139 0.50800201159480430174587051398061
0.40933785691521028407289843947204 0.65240215329627971943158633871997
0.46663938011704769762431983849385 0.80890133525488204261905525528332
0.52594317520808166375621658025183 0.97300179876075477926537368286814
0.58664042346369503980389267287626 1.1398199393465664539636028186982
0.64806495585632501333074816846884 1.3043750395124954583045563848713
0.70951573846222416222625425512864 1.461873372907114066858105955003
0.77028314185954096799663443537708 1.6079704658685666177703049321327
0.8296756080880656030495874979161 1.7389871265991255356207732372871
0.88700576118266058507086932933305 1.8518208358316120145659596189664
0.9423578685378933241798718704672 1.9486678499384723879984037998359
0.78050386332956940766477046614778 0.9783426459785559914517589795915
9.3008508604560279947801161211922 1472.8825998008872185940388118743
-0.1876061284123099406214552624773923981614323394102348747529`32.32950720378731+0``33.05626018732301*I -0.0108259276509117681747775180274232580958754006543411944925`31.85238595370491+0``33.81792083330667*I
-0.0106312932163827367672881970408774719387481529804853597976`32.3145006778583+0``34.28791458596358*I -1.7758636817484477476297163477240800605087853736637183`31.83737942761839*^-6+0``37.58796980206355*I
0.25183498278159697647715177933352 0.021410701831695231353070090327619
-0.2629746995137256936759969161616948539772766274256624319815`32.28711801570896+0``32.86720405237628*I -0.0222459993638017837773563197967593698046670970029835077899`31.80999676519533+0``33.4627448447298*I
-0.0555051297004575243355554851103012065176785138801984661324`32.27469010991563+0``33.53035699218384*I -0.0001919634238521202728003968478738579702350702927017798444`31.797568859283338+0``35.51435037189448*I
-0.6875892605840522838426302555537216918569461837986829419985`32.26304578784016+0``32.425716706971215*I -0.3367285214227152029787556692297414490558196221762424692625`31.78592453709974+0``32.25864463374432*I
-0.1507835243164770373489116663716250541783449258207460785441`32.252152036778945+0``33.073798150646724*I -0.0032936210444358055731418691914419389980840258620930440075`31.775030785939947+0``34.257357157037625*I
1.05700311188808288608372664618724 1.0575175755073898062573267824075
-0.3105775500476687740674564538619437186969727074761783787554`32.23245409874757+0``32.7402840427017*I -0.0251204109799237948684714626267717676812330348258514680174`31.7553328477365+0``33.3553061073826*I
-0.166283558780348003363234644249347689884890867758400058657`32.223572464123684+0``33.002723157106274*I -0.0036259283293595020406813242943366830120130921906387079933`31.746451213037542+0``34.18703199752276*I
-0.1297782321378525394216033289761954344160549244649483803248`32.21528629829547+0``33.102084448033914*I -0.0016278632257531703765170852768486425366895998687728971093`31.738165047140654+0``34.526547134791414*I
-4.4384305444239952315745069942499847462183078881251617668988`32.207560036930026+0``31.560330612297566*I -61.7335594752233004951688155544952335359485414172553175146649`31.73043878571235+0``29.93991746717905*I
3.3378139219103385547008690522189 24.981425557895788224943763564144
-90.3820406505699325812345881387504960619857533505686882720524`32.19365136929678+0``30.237569230058362*I -473537.34403845660530834815267926660669165687`31.716530117968727+0``26.041175884005753*I
-0.3578105776227429206323225263722846246872860272368474754804`32.18740570579853+0``32.63375253407501*I -0.028140384818182927845985854838056843859530386338060708107`31.710284454422055+0``33.26095442233005*I
-0.3275056247278726138963640865161711488277320230386095902745`32.18159246716395+0``32.66637370730343*I -0.0207293896421787996632905795853410340915594233755731462633`31.70447121574303+0``33.38788470086268*I
0.028183348143372753972249706529176 0.000012725669245850087635221756551061
-0.2462883711855946021171962209072376287623077584517168097473`32.171151967084185+0``32.779708063740145*I -0.0082023947418964987011741748112561313031589906342043253494`31.694030715584898+0``33.780090049621215*I
1.28021963127721672154989963889674 1.1153902711126762671941688431638
1.26922606660815280850503497451798 1.0547329344302534215498385393144
1.25720205905253519768082604123881 0.9968140765024019740411706554352
1.24428077473374592750501097230654 0.9416427468402271935163565216356
1.23058345551950498964166970458219 0.8891937559719181319000389133378
1.21622013821287491937178161263321 0.8394157833316900797131129717373
1.20129041209074846946096811114701 0.792238051024992210038925746019
1.18588418734208898295062790182295 0.7475757579402016457599636342786
1.17008245425862540565265053395077 0.7053344579588293127491199707241
1.15395801888481655501697912162472 0.6654135498875315597175986136923
1.13757620543420904527326450577285 0.6277090281005529676417177550435
1.12099551934288478930911396772727 0.5921156237244414562106357836473
1.10426826746844302643899043155273 0.5585284476266989020670668810445
1.08744113401622744178984483029109 0.5268442295278044487430870374063
1.07055571217056535344489923982097 0.4969622321559003872012875984689
1.05364899250511105230350497499324 0.4687849060516590395758487748685
1.03675380988656365071174685626861 0.44221833896978341902358089928147
1.01989925109312173750523353054375 0.41717254406675206697287323549279
1.00311102560523806354066104250307 0.39356162274224956607793908275251
0.98641180215517100174216126401711 0.37130383110479536553366194529406
0.96982151365720642847028362644747 0.35032157333206128459882700059379
0.95335763307801430947466360284182 0.3305413404807532497545058225139
0.93703542272324178976982950790104 0.31189360947805707892901075002439
0.92086815929068448602322239125934 0.2943127139069129141800536996422
0.90486733689055468361757706330177 0.27773669566873637876142134601526
0.88904285007668089885051504975287 0.26210714457469645372063921459536
0.87340315877926200709502093707446 0.24736903129325284221368288882173
0.85795543688343685154600643876011 0.23347053779008757743611650404084
0.84270570603381304140895435201084 0.22036288835201081722105048458459
0.82765895611266740926769893878457 0.20800018348112192586649197132584
0.81281925370838040843896760680306 0.19633923830645281362112575096209
0.79818983975877834198922863539733 0.18533942665424024954447151288418
0.78377321745080827214783044164724 0.174962531538742954115177568486
0.76957123133834105245507065300315 0.16517260252663828571320396178108
0.75558513856702822567606646630266 0.15593582021688008699545793077135
0.74181567298317051669314450266351 0.14722036788953312689640038712555
0.72826310284613976166914080616628 0.13899631026503053811049298364372
0.71492728277260686684681401176632 0.13123547921061192422866907023248
0.70180770050146858230954446757216 0.12391136618105103621991666713748
0.68890351898655627328932432515468 0.11699902112216200529220701583034
0.67621361427483180406162988675868 0.11047495754089557717456965871205
0.6637366096110111598992424514036 0.1043170634454821333594830010483
0.65147090612428586116396213677673 0.09850451782965456251377826169692
0.63941471043332586685597934868125 0.0930177123866320800000912708879
0.62756605949215708342046396559765 0.08783817815272803286559019454629
0.61592284292930473530864917496875 0.08294851677093726632487512532973
0.60448282314424837571215235601848 0.07833233609434939436445843665693
0.59324365336275522264711758105739 0.07397418984582387439405966117502
0.58220289387156775867804803306881 0.06985952108144547797864539068172
0.57135802659116303008164756775096 0.06597460920274446252781717786021
0.56070646816525233144772475619447 0.06230652029195668337552387801969
0.55024558169903613294288755578856 0.0588430605472117356309110512543
0.53997268729461852173003712945657 0.05557273261925652077539694861514
0.52988507147613979425685245366574 0.05248469465020368601082367212212
0.51997999563582280663259918340572 0.0495687218443281169914268760457
0.51025470358477396691595778545359 0.04681517040049144149539431212916
0.50070642829814325358805296419376 0.04421494365230293015644061312861
0.49133239792966805013088268341625 0.041759460270946957836277358586035
0.48212984117473965100418865011835 0.03944062439874755495428101100768
0.47309599203678771986488158395543 0.037250797586012569510544015393684
0.46422809405808599314350137549443 0.035182772415961786294463577185536
0.4555234040685824971865398076468 0.033229747709870549771504765544723
0.44697919550108555375943937991655 0.031385305211911074823626343921178
0.43859276130689325447249285545138 0.029643387658077894589348637743365
0.43036141652389680189947234387271 0.02799827814485400867031544571507
0.4222825005173406387673806775524 0.026444580713116249107106501050647
0.41435337893827970352661651933224 0.024977202074280489536469927700578
0.40657144541658709449157130826203 0.023591334405639030417364336587305
0.39893412302346373442116360390294 0.022282439150730021009804580025269
0.39143886552015973848463326690285 0.021046231761925546810280098539972
0.38408315841713530651201346523653 0.019878667328366711885491548645172
0.37686451986581402099760248053098 0.018775927035976185718909126707013
0.3697805013876007799555646962228 0.017734405407388931783011403493406
0.36282868847867400811949054404937 0.0167506982783956157801734018918
0.35600670107688745655639828172786 0.01582159146272554805291111479164
0.34931219392650283908234952745172 0.014944050067528247305944506167631
0.34274285682972420857751662519365 0.014115208417924676867027310437064
0.33629641483685217904907179431021 0.013332360559928597959793300204205
0.32997062833013979234660990551353 0.012592951300782350777744344955231
0.3237632930367450822600172270582 0.011894567758818168401847622618884
0.31767224000246520818747803441078 0.011234931395601901628414754913888
0.31169533548760109226419545613605 0.010611890497066553945575373422245
0.30583048081415425602890457929439 0.010023413080301526993755255790906
0.30007561217619600054802975552794 0.009467580201901741901382895801452
0.29442870040680147877763838699875 0.008942579643472504750147183333842
0.28888775071652450250618856743007 0.008446699953567611954258941909396
0.28345080239898165439243949740432 0.007978324824750605394203938170302
0.27811592847834769607637428823991 0.007535927784271800404495014405498
0.27288123541753471609733980299059 0.007118067189993056962595689754738
0.26774486270499962710118229016345 0.006723381498806315549688030781986
0.26270498248458825703855364737344 0.006350584805394606226020641080081
0.25775979916466095837172212529672 0.005998462630385094091073854113729
0.25290754899830630182333799909928 0.005665867943143354967663510926159
0.24814649968123335959450322584151 0.00535171740903580585317128392
0.24347494988981996836534339110286 0.005054987843135051045355562390088
0.2388912288836851684180358902125 0.004774712866743641336875692685097
0.23439369603217896824920297096376 0.004509979746176447553912601850731
0.22998074038247299922004644031125 0.004259926410876596006929057143921
0.22565078022905016410355294001025 0.0040237386380039852963185209127597
0.22140226261527513309697105590835 0.0038006473904770774618325535744076
0.2172336629397669094563002458105 0.0035899263090816916313344238092766
0.21314348451322661214383283464645 0.0033908893414742720540286351031955
0.20913025797554691613728022855925 0.0032028884967593337199825553072507
0.20519254103363469754075553090009 0.0030253117402768407407955803505087
0.20132891794999274576704577055394 0.0028575809934466872017855883633475
0.19753799898748870840156526936061 0.0026991502435328275699602539167813
0.19381842015491250233570138263671 0.0025495037711059605027908677086119
0.1901688426385855051432298707662 0.0024081544627639564147505366590297
0.18658795241224157088317176440527 0.0022746422249434274967203060233376
0.18307445981025364623707288932923 0.0021485324842036485169422458232913
0.17962709911476615916017834258403 0.0020294147711858680889075312657263
0.17624462811505202998547185149201 0.001916901382149213671369662840533
0.1729258276364007305666705498205 0.0018106261138920272772273906381761
0.16966950135249246846079528496233 0.0017102430776756411648081743114941
0.16647447512238529198713343229628 0.0016154255638916478707412253074939
0.163339596652045284436448983303 0.0015258649800540779022843009677707
0.16026373529095047175418769978098 0.0014412698509511762139468817980825
0.1572457813637165686342622719448 0.0013613648612208135071886300922
0.15428464599308342189435183196714 0.0012858899645008405868217218307851
0.15137926065429457836975732012477 0.001214599534533713515711261019078
0.14852857678506909113295943832285 0.0011472615648505263442263043896009
0.14573156548177674454908947197734 0.0010836569147491063904832342614745
0.14298721725025236076387325600919 0.001023578597937986122494221268316
0.140294541071502174140839566504 0.0009668310959877668872487874634441
0.1376525647714052734938235138964 0.0009132297377786208530307393367281
0.13506033464150470111914737429257 0.0008626000964237193222607869747031
0.13251691448729069511038213666978 0.0008147774091716438669553624130205