1.06475456934621903184507425751323 113.256686692617168601950780784966
0.97702312158038283062368873111937 86.899685989468021443403977836611
0.89818807459074221590986837296745 66.972545873575792968223086941815
0.82744455762064943948973486510955 51.87268589344709244010043399718
0.764099688032773919459098665620978 40.407643416757907976180374914902
0.707594018076190669755851904707124 31.691704361559463630886883513673
0.657400649746558023181287752619318 25.053540569731055972885848437738
0.6130539547671712218111497465987 19.9885029261704625711773683520723
0.574150288092994040019233143862163 16.1174272294118616750945656215796
0.540295519978356538787396322481373 13.1517066094467086874650150455466
0.511119471638574191333440404137258 10.8733050659605168004106103493357
0.486295099862981385535550164950666 9.1188939550805661351097666088759
0.465533044018537872511135995172971 7.7658579399059830179087078884606
0.448532338434646633079366211991437 6.7199860299164015548499662916104
0.434977485048975395378539267339903 5.9088803611409035500252027372701
0.42458100759658454402206147951342 5.278455165893015575198699529387
0.41708819676087570550542367783995 4.7883551758343631967720923626279
0.412211496160448585330996964617741 4.4062011595344354437120963180579
0.409652590282111167711747316068094 4.1065348209665293438378573464688
0.409104358644363431884270046991518 3.8690896695700579085686045653608
0.410247143486359265773210640182241 3.6774138243841512289960841765348
0.41275552495970502883468900927013 3.5181438389684355038766190922716
0.416306469718340925366723926158034 3.3805376646754347788371220751377
0.420589655540176796039826968991718 3.2562140991178795063267951504171
0.425303605570632443053157608087456 3.1385590569104473679912816773536
0.430172520339928035709089235376814 3.0229248333220571054357058817478
0.434939128525602820860135858375434 2.9059863806577394214346151376422
0.439381305726609125712233835688566 2.7858805189642219232685653627114
0.443305941443598328883536954853495 2.661834952903961803984603146242
0.446549788894346887084952582830252 2.5337694372645732454207641162801
0.449003648813459902495569939884939 2.4026243412938147496461453310417
0.450566545620496776084250578672501 2.2692678305775688841092051961734
0.451189640448522268099353182372985 2.1351543991736984016719577708259
0.450847903399453453739047884752119 2.0016611262641502163203590201543
0.449547036888475648064332149787906 1.870187174444379811655512747529
0.447309528781394843200320298893725 1.7419159538931983443663716896026
0.444182458664231175248856348724982 1.6179326816658601572691730653128
0.440223605286814209504061369946383 1.4990637301681445088885738204398
0.435499285829848631943893301621761 1.38590284402211674374498323381313
0.430083971792953446634042323825175 1.27886627097450622799797307927005
0.424057240363619561379225253040866 1.17821787322376007092806859288068
0.417493309920490931203179982650253 1.08399100414704333880308445129291
0.410473197901316336438688172610363 0.99619397534231857681352166764421
0.403065750929990695310067015958281 0.91463198102419019746847512617099
0.395339889541120758219877585654206 0.83909158496546573159725077201948
0.387359151642106036131735295933155 0.7693006536541366629944418514574
0.379182363038779858806490911208462 0.70495285216283490139834353054025
0.370857688613326888782784702256374 0.64570017259881758908795397616864
0.362433395029166643624566394422633 0.59122028202005308899767126008479
0.353949647614130144159489334378529 0.54117609604492002072452425349642
0.345441966134661752664097335906236 0.49524203101994840674974229641703
0.336941713574575756357622412930131 0.45310776799240479250973061329199
0.328474585914659779563817882079074 0.41447260853258404579799190667848
0.320062397427873232719348325405244 0.37905422704753116877259203026038
0.311724439816320357217558892723799 0.34659291720827720737482414761855
0.303477436174371420698624785395321 0.31684909849168084588754267532659
0.295334692979554646832146063262003 0.28959858934999697021204021291381
0.287308595285688894268352025608868 0.26463845544252318075824063244595
0.279408794469477349079883080954721 0.24177944961892219377607573321976
0.271642328981421153571235082186776 0.22084541261525272318007187334053
0.264015993586610252055585887873212 0.20167783065213257245293939783585
0.256533086750876749220333297719019 0.18412640804517984862875970881502
0.249198031744339476616247907058886 0.16805847700183233564587445127174
0.242013978881451049435010236441559 0.1533516243639725773304409374729
0.234983552665769825641705278334218 0.13989406972744966600866032814938
0.228109166773697602632420733914128 0.127583974792521216611796675340097
0.22139289912851012329383155533824 0.116328067536633919947054739992273
0.214835545293316022023621668138272 0.106039319442440918198902444185246
0.20843819381377225350002491677945 0.096638785944254321690893489097004
0.202201464909088110092200357499404 0.088053628764696529073646925238957
0.196124646142057602698840373097908 0.080215502214866919555828004505947
0.190207379165102863465102943877368 0.073062415252936085824375547646962
0.184448658460509405226457092781478 0.06653685820911334019162997885027
0.178847505449386631793093592427099 0.060586238246926068337838376631678
0.173400632300471254876718391794879 0.055160124027895812094567637452903
0.168107528101735366645290566400579 0.050215123444729667070603038079509
0.162964983583169552752900991540727 0.045709017985636068317429879427865
0.15796937899746012745167321537969 0.041602990568759679870999021453302
0.153119421954940826584414428792368 0.03786341724268320859532361397665
0.148412063300278167928478090879662 0.034458145138772058162091775102487
0.143843294700676781807103686757541 0.031357176397000106657298350923595
0.139408995846692855943448050323021 0.028533131993491992216875783672005
0.135107418008626458196160124500966 0.025962466355922943917628631092747
0.130935836375000663007269137768917 0.023622997952481283918592515534552
0.126890100600736156834940180132182 0.021493700202721583328087283393503
0.1229671033475557898179678154144 0.019555942434168291896316182434097
0.119163424458150433770980878959256 0.01779256003811571197714547001482
0.115475726173465436035170005082655 0.016187927609515977750550640343275
0.111900678170054167002079036785901 0.01472778955924066135481110522252
0.108435125348425345313914985212226 0.013399204860871829737458016414541
0.105075884110009751411655791512876 0.0121903499021330666089011005364602
0.101819795994996504025513735681776 0.0110904441560930102158328793259291
0.098663782663007434315659538874974 0.0100896772062333527604603726105796
0.095604903908912537987058868004903 0.0091791381727282851125917400541016
0.09264035504922087593482724212061 0.0083507305655447582122048175654841
0.089767138067617127421808918130871 0.0075970126921650932959889159174663
0.08698284418119717342890244919454 0.0069113408916879708972438499934873
0.084284451865659940468484056522379 0.0062875020801763208181786712718209
0.081669267186346783098252537022765 0.0057199074503634427927237271082751
0.07913513449107485904103299194273 0.0052035655513479896614578453752571
0.076679354501723527024144646873656 0.0047338084304063117351656211828172
0.074299731977087080609984574899204 0.0043064707585986803717345841476505
0.071993697172469556040744237038537 0.0039176845298721520682916515468518
0.069758951148632410517722384994557 0.00356396763543496551546461727402
0.067593545692173948143567036930566 0.0032421935459093863948313605109119
0.065495282196338557847824255576436 0.0029494693990897534923082571195463
0.063461999991729809726356272867366 0.0026831614736392408145341354692728
0.06149177524157383636371662680343 0.0024408962758466996616857303249103
0.059582655263731407442602437022148 0.0022205028937581541886773797929991
0.057732755891036259522948458699535 0.0020200074277314879563659720540276
0.055940198284761957771191052675013 0.0018376089264077140285693404279945
0.054203283894384046763579458801791 0.0016716812319703990302157976857048
0.052520226276356023601585044697208 0.0015207314959888805076781049680917
0.050889386784826624822595261070276 0.0013834102685862162857886275563841
0.049309197594411170058607857033096 0.00125849102141204834113252956317411
0.047778015620625158986130546390962 0.0011448483742876721420907376214968
0.046294381956419268484830504180917 0.00104146856765882435927848799352467
0.044856833579720334440581697620495 0.00094742548668424709947035211896157
0.043463881655656062495793299050599 0.00086187230072548813077283198373369