0.01 1.012073836205757
0.02 1.0240870415993855
0.03 1.0360382353605413
0.04 1.0479251772852982
0.05 1.05974481601325
0.060000000000000005 1.0714933337329426
0.06999999999999999 1.0831661876487821
0.08 1.09475814848147
0.09 1.1062633362488434
0.09999999999999999 1.117675253551384
0.11 1.1289868165662595
0.12 1.1401903839353924
0.13 1.1512777837164503
0.14 1.1622403385506983
0.15000000000000002 1.1730688891880943
0.16 1.1837538164977774
0.17 1.1942850620809882
0.18000000000000002 1.2046521475934373
0.19 1.2148441928749962
0.2 1.2248499329763354
0.21000000000000002 1.2346577341645948
0.22 1.2442556089833772
0.23 1.2536312304361024
0.24000000000000002 1.262771945356134
0.25 1.271664787021918
0.26 1.2802964870707005
0.27 1.288653486760063
0.28 1.296721947622661
0.29000000000000004 1.3044877615559216
0.3 1.311936560385238
0.31 1.319053724936166
0.32 1.3258243936484384
0.33 1.3322334707620738
0.34 1.3382656341035815
0.35000000000000003 1.3439053424981537
0.36000000000000004 1.3491368428317996
0.37 1.3539441767856177
0.38 1.3583111872627596
0.39 1.3622215245271478
0.4 1.365658652071636
0.41000000000000003 1.3686058522320224
0.42000000000000004 1.371046231562174
0.43 1.3729627259844341
0.44 1.3743381057284896
0.45 1.3751549800709775
0.46 1.3753958018872496
0.47000000000000003 1.3750428720259342
0.48000000000000004 1.374078343516229
0.49 1.3724842256171703
0.5 1.3702423877175347
0.51 1.3673345630944256
0.52 1.3637423525380972
0.53 1.3594472278500664
0.54 1.3544305352211026
0.55 1.3486734984952842
0.56 1.3421572223258915
0.5700000000000001 1.3348626952285714
0.5800000000000001 1.3267707925368482
0.59 1.317862279264752
0.6 1.3081178128810524
0.61 1.2975179459992878
0.62 1.2860431289875587
0.63 1.2736737125017956
0.64 1.2603899499459978
0.65 1.2461719998627454
0.66 1.2309999282570738
0.67 1.214853710856644
0.68 1.1977132353109627
0.6900000000000001 1.1795583033322548
0.7000000000000001 1.1603686327804308
0.7100000000000001 1.1401238596944947
0.72 1.1188035402725556
0.73 1.0963871528025275
0.74 1.072854099545488
0.75 1.048183708573527
0.76 1.0223552355638645
0.77 0.9953478655508932
0.78 0.9671407146377142
0.79 0.9377128316686906
0.8 0.9070431998644082
0.81 0.8751107384204097
0.8200000000000001 0.8418943040709822
0.8300000000000001 0.8073726926192182
0.8400000000000001 0.7715246404344893
0.85 0.7343288259184669
0.86 0.6957638709407099
0.87 0.6558083422448407
0.88 0.6144407528262322
0.89 0.5716395632821548
0.9 0.5273831831352166
0.91 0.4816499721309248
0.92 0.4344182415101784
0.93 0.38566625525743226
0.9400000000000001 0.3353722313252424
0.9500000000000001 0.2835143428359069
0.9600000000000001 0.23007071926083403
0.97 0.1750194475782934
0.98 0.11833857341013275
0.99 0.0600061021380547
1. 5.955397083940876e-17