0.01 0.00993972032533085
0.02 0.019759841464889745
0.03 0.029461804634599093
0.04 0.039047051885702844
0.05 0.048517025483440814
0.060000000000000005 0.05787316723515479
0.06999999999999999 0.06711691777887932
0.08 0.07624971584253257
0.09 0.08527299748290865
0.09999999999999999 0.09418819531278978
0.11 0.1029967377236459
0.12 0.1117000481105776
0.13 0.12029954410538787
0.14 0.12879663682293785
0.15000000000000002 0.13719273012526
0.16 0.145489219907261
0.17 0.15368749340725596
0.18000000000000002 0.16178892854502508
0.19 0.1697948932895828
0.2 0.1777067450583887
0.21000000000000002 0.1855258301493119
0.22 0.19325348320628455
0.23 0.20089102671924158
0.24000000000000002 0.20843977055864224
0.25 0.21590101154460256
0.26 0.22327603305043386
0.27 0.23056610464017827
0.28 0.2377724817395557
0.29000000000000004 0.2448964053395885
0.3 0.2519391017320409
0.31 0.2589017822757094
0.32 0.2657856431925113
0.33 0.27259186539225455
0.34 0.27932161432492014
0.35000000000000003 0.28597603985924885
0.36000000000000004 0.292556276186405
0.37 0.2990634417474697
0.38 0.30549863918352055
0.39 0.3118629553070536
0.4 0.31815746109351867
0.41000000000000003 0.3243832116917585
0.42000000000000004 0.33054124645216526
0.43 0.3366325889713962
0.44 0.34265824715252396
0.45 0.348619213279531
0.46 0.35451646410509563
0.47000000000000003 0.3603509609506564
0.48000000000000004 0.36612364981778156
0.49 0.3718354615099131
0.5 0.37748731176359396
0.51 0.38308010138833143
0.52 0.38861471641429063
0.53 0.3940920282470514
0.54 0.39951289382870625
0.55 0.40487815580461134
0.56 0.41018864269514765
0.5700000000000001 0.4154451690718808
0.5800000000000001 0.4206485357375496
0.59 0.4257995299093461
0.6 0.43089892540498326
0.61 0.43594748283108237
0.62 0.4409459497734388
0.63 0.44589506098875964
0.64 0.4507955385974913
0.65 0.45564809227738484
0.66 0.46045341945747187
0.67 0.4652122055121477
0.68 0.46992512395508396
0.6900000000000001 0.47459283663271123
0.7000000000000001 0.4792159939170386
0.7100000000000001 0.4837952348975896
0.72 0.48833118757225935
0.73 0.49282446903691146
0.74 0.49727568567354874
0.75 0.5016854333369113
0.76 0.5060542975393659
0.77 0.5103828536339654
0.78 0.5146716669955723
0.79 0.5189212931999452
0.8 0.5231322782007077
0.81 0.5273051585041229
0.8200000000000001 0.5314404613416038
0.8300000000000001 0.5355387048399098
0.8400000000000001 0.539600398188975
0.85 0.5436260418073305
0.86 0.5476161275050848
0.87 0.5515711386444372
0.88 0.5554915502977017
0.89 0.5593778294028253
0.9 0.5632304349163919
0.91 0.5670498179641045
0.92 0.5708364219887448
0.93 0.574590682895614
0.9400000000000001 0.578313029195458
0.9500000000000001 0.5820038821448905
0.9600000000000001 0.5856636558843235
0.97 0.589292757573421
0.98 0.5928915875240961
0.99 0.596460539331067
1. 0.6