0.01 1.0060188260331593
0.02 1.0119721870864338
0.03 1.017861270923856
0.04 1.0236872497821279
0.05 1.0294512800325584
0.060000000000000005 1.0351545018808077
0.06999999999999999 1.0407980391034897
0.08 1.046382998820609
0.09 1.051910471302717
0.09999999999999999 1.057381529811549
0.11 1.0627972304728466
0.12 1.0681586121799858
0.13 1.0734666965269948
0.14 1.0787224877695027
0.15000000000000002 1.0839269728121426
0.16 1.0890811212209224
0.17 1.0941858852590707
0.18000000000000002 1.0992421999448847
0.19 1.1042509831301177
0.2 1.1092131355974655
0.21000000000000002 1.1141295411757608
0.22 1.1190010668714947
0.23 1.1238285630153508
0.24000000000000002 1.1286128634224661
0.25 1.133354785565188
0.26 1.1380551307571476
0.27 1.1427146843475153
0.28 1.1473342159243625
0.29000000000000004 1.1519144795261094
0.3 1.156456213860084
0.31 1.1609601425272762
0.32 1.1654269742524226
0.33 1.1698574031186137
0.34 1.1742521088056548
0.35000000000000003 1.178611756831473
0.36000000000000004 1.1829369987959046
0.37 1.1872284726262448
0.38 1.1914868028239851
0.39 1.1957126007122085
0.4 1.1999064646831543
0.41000000000000003 1.2040689804454974
0.42000000000000004 1.2082007212709331
0.43 1.2123022482396877
0.44 1.2163741104846058
0.45 1.2204168454335096
0.46 1.2244309790495396
0.47000000000000003 1.2284170260692218
0.48000000000000004 1.2323754902380375
0.49 1.236306864543285
0.5 1.2402116314440548
0.51 1.244090263098158
0.52 1.2479432215858683
0.53 1.2517709591303547
0.54 1.255573918314701
0.55 1.259352532295427
0.56 1.2631072250124347
0.5700000000000001 1.26683841139532
0.5800000000000001 1.270546497566007
0.59 1.2742318810376623
0.6 1.2778949509098723
0.61 1.2815360880600626
0.62 1.2851556653311536
0.63 1.2887540477154598
0.64 1.2923315925348329
0.65 1.2958886496170703
0.66 1.2994255614686119
0.67 1.3029426634435433
0.68 1.3064402839089506
0.6900000000000001 1.3099187444066516
0.7000000000000001 1.3133783598113458
0.7100000000000001 1.3168194384852339
0.72 1.320242282429141
0.73 1.3236471874302032
0.74 1.3270344432061618
0.75 1.3304043335463214
0.76 1.3337571364492269
0.77 1.337093124257111
0.78 1.340412563787175
0.79 1.3437157164597597
0.8 1.3470028384234578
0.81 1.350274180677241
0.8200000000000001 1.3535299891896453
0.8300000000000001 1.3567705050150898
0.8400000000000001 1.3599959644073707
0.85 1.3632065989304092
0.86 1.3664026355662982
0.87 1.3695842968207135
0.88 1.3727518008257429
0.89 1.3759053614401997
0.9 1.3790451883474701
0.91 1.3821714871509496
0.92 1.385284459467137
0.93 1.388384303016424
0.9400000000000001 1.391471211711652
0.9500000000000001 1.3945453757444723
0.9600000000000001 1.3976069816695809
0.97 1.4006562124868616
0.98 1.4036932477215038
0.99 1.4067182635021331
1. 1.4097314326370125