0.01 1.0005951716218162
0.02 1.0011237966059983
0.03 1.0015859861346892
0.04 1.001981841835217
0.05 1.0023114558947386
0.060000000000000005 1.0025749111846494
0.06999999999999999 1.0027722813946802
0.08 1.0029036311767046
0.09 1.00296901629834
0.09999999999999999 1.0029684838064787
0.11 1.002902072200927
0.12 1.0027698116183872
0.13 1.0025717240270562
0.14 1.0023078234321667
0.15000000000000002 1.0019781160928276
0.16 1.001582600750586
0.17 1.0011212688701387
0.18000000000000002 1.000594104892699
0.19 1.0000010865025262
0.2 0.9993421849071855
0.21000000000000002 0.9986173651321303
0.22 0.9978265863302235
0.23 0.9969698021068585
0.24000000000000002 0.9960469608613521
0.25 0.9950580061453191
0.26 0.994002877038743
0.27 0.9928815085444925
0.28 0.9916938320020332
0.29000000000000004 0.9904397755210987
0.3 0.9891192644360899
0.31 0.9877322217819716
0.32 0.9862785687924234
0.33 0.9847582254209976
0.34 0.9831711108860145
0.35000000000000003 0.9815171442398897
0.36000000000000004 0.9797962449635689
0.37 0.9780083335866842
0.38 0.9761533323340019
0.39 0.9742311657986652
0.4 0.9722417616426511
0.41000000000000003 0.9701850513247807
0.42000000000000004 0.9680609708565133
0.43 0.9658694615856407
0.44 0.9636104710078621
0.45 0.9612839536060812
0.46 0.9588898717170884
0.47000000000000003 0.956428196425126
0.48000000000000004 0.9538989084816224
0.49 0.951301999250169
0.5 0.9486374716755751
0.51 0.9459053412755843
0.52 0.943105637153559
0.53 0.9402384030301466
0.54 0.9373036982916355
0.55 0.9343015990523764
0.56 0.9312321992283062
0.5700000000000001 0.9280956116182527
0.5800000000000001 0.9248919689893329
0.59 0.9216214251623699
0.6 0.9182841560928876
0.61 0.914880360942834
0.62 0.9114102631378117
0.63 0.9078741114042134
0.64 0.9042721807802813
0.65 0.9006047735947714
0.66 0.8968722204065632
0.67 0.8930748808982608
0.68 0.889213144716571
0.6900000000000001 0.8852874322520229
0.7000000000000001 0.881298195350431
0.7100000000000001 0.8772459179483938
0.72 0.8731311166250891
0.73 0.8689543410626631
0.74 0.8647161744076235
0.75 0.860417233525875
0.76 0.8560581691443203
0.77 0.8516396658723802
0.78 0.8471624420972742
0.79 0.8426272497475426
0.8 0.8380348739199974
0.81 0.8333861323661429
0.8200000000000001 0.8286818748350145
0.8300000000000001 0.8239229822704415
0.8400000000000001 0.8191103658618436
0.85 0.8142449659488795
0.86 0.8093277507815304
0.87 0.8043597151385207
0.88 0.7993418788083322
0.89 0.7942752849384415
0.9 0.7891609982597748
0.91 0.7840001031947136
0.92 0.7787937018582824
0.93 0.7735429119633728
0.9400000000000001 0.7682488646419791
0.9500000000000001 0.7629127021954483
0.9600000000000001 0.7575355757876194
0.97 0.7521186430954551
0.98 0.7466630659323263
0.99 0.7411700078594928
1. 0.735640631801496