0.96333853758154504754980456408931 82.677305226393958691762664899123
0.88707478526776994801511149961636 63.975325147293782607873215809105
0.81811622857077962960272414290637 49.646986622847235336980823440323
0.75585941818103240517885393284173 38.648237791345137769590180615113
0.699751015887792781786009367392916 30.186397428235160813629829996481
0.649282696890862222994123805723998 23.6592854461289909675079414128824
0.603981169563990586165385032273521 18.6092776146182257645043926764523
0.563413415898638003321043368754634 14.6898827758711893864546905013812
0.529846081474831233749170648216324 11.815220462309516054983194918823
0.509775782193246912994868979788266 10.111254258761532483944899935739
0.498442980768416383459609353706047 9.0168355888744668512239576822041
0.493419515116241143544253610212146 8.2778401180604596401669147440398
0.493409517598366347179020814809852 7.7657028179729587922904547827332
0.497628832417529112648140348474449 7.4056395105430895794454260286015
0.505525303928833952775576993753489 7.1485389471045479382418597917343
0.51668345418089023079731959668699 6.9596143302638934883189545217289
0.53074031546628142451192380390743 6.8127794006077596791455303794362
0.54736298226889145831819001875919 6.6877198361596683649904535866884
0.566185330972195800545699856895122 6.5671814923810419146012142954008
0.58680577684564076016994723209437 6.4373312900354082723911528434797
0.60876036902064949190167224576796 6.2867053347822917824257479533816
0.6315249278016813437539247293958 6.1069992810534433842449084120813
0.65451507890275337634695720822195 5.8927610442034725422847267220159
0.67710924746569985082839247717042 5.6419801913249909598770411729482
0.6986663003689255762397661161931 5.3558586377036098173326855157332
0.71856304184785863238940938400766 5.0384893708588330437081727314598
0.73621947714573134781715249140401 4.6964004640360250371878621418629
0.75113504895556170674330138682216 4.3375154510569191472509338289837
0.76290276916163139365247382503807 3.9705431679528466175267348171503
0.77123745161311126370789514819736 3.6041385516033215774828557347046
0.77598188394558274032405143678639 3.2462112897984903207851301541249
0.77710420833406390590264907331294 2.9033821318137740625516028668042
0.77469835067942075583514347575108 2.5809314043793885110490900228715
0.76895729213880731603555580972352 2.2823193187642067940988018174846
0.76015308341929780762468407016951 2.0095072431218346449197878446999
0.74862127656719017419535090012835 1.7632104615337145528903411268868
0.73472663128046100985069693401613 1.5429752038295610506440447591287
0.71885035171777276978319210560031 1.3476422076291341355886982047607
0.70135835713295149431842380512885 1.1754432482129313578525314743417
0.68260100863722148486529783653691 1.0243888047711775363181704762841
0.66290326040329669974739648883842 0.8923849732776697507515167982664
0.64255508373567413534521309270408 0.77734750510266101572453946757075
0.62182591526605007109196458165375 0.67734410663213231243867316963986
0.60091987559485511503137783691255 0.59045705886794503575608835062798
0.58002077315330535156365653251565 0.51501695237109750222817680990644
0.55927000317188805294528333144072 0.44950007318829595425654735138341
0.53877166086102782134188568416977 0.39254966182001185240626853657762
0.51864709555004236704330609310791 0.34308377934187154938231766843318
0.49899771408229525182321195579887 0.30014385009593047332867664573698
0.47985942042524427038187855146904 0.26280091031308602210321174123634
0.46128436217548648993397274435248 0.2303163749208999594753327823738
0.44329424036097788909452235382193 0.2020227446893304708739596487253
0.42590702280527237732533894225978 0.17735717101023053175970593613117
0.40915668394156196955851276074931 0.15586446320346009733149688658244
0.39301847131047214378705060989556 0.13708894985146441435177043531917
0.37748783141842228614668859033467 0.12067111271113215999845831436801
0.36256105389649008280187025712181 0.10630571710116632772066667877115
0.34835730517450569010878830851161 0.09383366902472404676843069203472
0.33468995417283624137836441494312 0.08286386551670049057562300288712
0.32153186392238506904870708398623 0.07319952243257129825945573949892
0.30887093382518413913843193489884 0.064681619183414500170970987122587
0.29669145142339638795867036406229 0.057169591629116112654474206467986
0.28497748133181092951591519425197 0.050541030975681104040951513419725
0.27371334824289626585697761975951 0.044689323413436526080447220672412
0.26288369950288310307143843778134 0.03952141520892875219226691716593
0.2524734993999781359722127674217 0.034955910524319373765176342067136
0.24246802181382545643172729521682 0.03092147596770853650549319426204
0.232852851725946623700129666658265 0.02735549836259871566544077898356
0.223613894051212129073807967119202 0.024202947896814529181609034506091
0.214737386395713029656566471154182 0.021415408543464583691596935027132
0.206209912872162122941119406638438 0.018950246067409717351935381697431
0.198018417012844868788471351041132 0.016769890413252437568368475296621
0.19015021261157794790853694986219 0.014841214125978964656041424276676
0.182592991909309904346323403590498 0.013134992091286473223799164063887
0.175334830934550615061834315599444 0.011625430634411548101901939066782
0.168364192062082180536264153878163 0.01028975612953905373757448901317
0.16166992400247022283147926961843 0.009107854921070388613292522430642
0.155241259512791885748718622629922 0.008061957665602033239718267817548
0.149067811149678705200146361013285 0.00713636225573543732081161931762
0.143139565386650897754328312548947 0.0063171903451925417586049813881444
0.137446875400164369148728997318105 0.0055921732031753143948331059007188
0.13198045280198828086438944934178 0.0049504632168341308988720144648109
0.12673135856365688858793199609719 0.0043824678577628801966822285048842
0.12169099334609256588843319255059 0.0038797033497313082508533155065755
0.116851087416338897581592601565272 0.0034346656341499800985365916038133
0.112203690303822634174974870872693 0.0030407165376437408396088973970599
0.107741160322570674777382947024945 0.0026919833112038315788005106531402
0.103456154062804487786929290135238 0.002383269939388433026566607960362
0.099341615935195096556874046989093 0.0021099788164632369765110084706768
0.095390767834243438832600302295084 0.0018680415587887714667916140337831
0.091597098972602523080030829572681 0.0016538578728453730555507806986445
0.087954355926603172221464318711056 0.0014642415292551722593298425620426
0.084456532922454543751425974549578 0.0012963726075203763636877578124353
0.081097862385350862529429484902981 0.0011477552763623860340314118722179
0.077872805766269171996335607094811 0.0010161804622072434826128253885258
0.074776044656053503728475337011527 0.0008996928353040162075044635026321
0.071802472192233313197741171338867 0.000796561610504992140584314178936
0.068947184760193256691433827300161 0.00070525471906496057842200663372877
0.06620547398783943301328445985598 0.00062441596001511507825482150988408
0.063572819030487848999066779110777 0.00055284478558265554924479742041892
0.061044879141520349766898275813035 0.00048947841558145663831638313728274
0.0586174865225642020076657763307 0.00043337601131219755706618401732603
0.056286639446530567881752621299807 0.00038370467093285188593031957477198
0.054048495645568707705260670547478 0.00033972703594411275728208099752933
0.051899365956587811484091788771998 0.00030079032289510048113728764095359
0.049835708215316838431909008540323 0.00026631661595255034377605710219442
0.047854121391270802877444966723019 0.0002357942750503252564216025220682
0.045951339954423927337598659183558 0.00020877033112359268499717153912869
0.044124228465864009356237338641671 0.00018484375481270767789016304008319
0.042369776383760983314433922312084 0.00016365949812921947605050963371062
0.040685093076328507784687761984506 0.00014490322018191075105555317542083
0.039067403034432479866256131642394 0.00012829661832317402614085359141177
0.03751404127557047425783568968445 0.00011359329512648566001118841618596
0.036022448931829542043852957287234 0.00010057509963035972437282748287593
0.0345901690146129978562859457138 0.00008904888837116216118833438510101
0.033214842349445301536784690095367 0.00007884365799802774991563269575353
0.031894203672789801303378658098891 0.000069808006796486476232632445630898
0.030626077886593028284212711342633 0.000061807887380199228388197220281801
0.0294083764618784327495071534816 0.000054724617114888206390918357476835
0.028239093986513542689383216621333 0.000048453116706739905461544606446704
0.027116304852207840414699658770063 0.000042900350779107414940164538665681
0.026038160072980758720622814588008 0.000037983947252365623793226434201169
0.025002884231670659387941077122782 0.000033630975025977951378572516402894
0.02400877254852841486977622026994 0.000029776861800635399464615373408288
0.0230541880668579353369055731841638 0.00002636443596734732079274477118843
0.0221375589515106790132488686805687 0.000023343078337153821713208971855156
0.0212573758951565858077830798318798 0.000020667971113477465665047240160876
0.0204121896281074527392768820171883 0.000018299432957247502254240873175387
0.0196006085279865330969961100521873 0.000016202330274628575065562309655543
0.018821296324535134827261259455007 0.000014345555986068332708404959737245
0.0180729698957160158461108773309187 0.000012701568040387658319322560569991
0.0173543971533158567351813014370407 0.000011245980828464883284220831842501
0.0166643950099717043949480843933426 9.957203422630353762287580336153e-6
0.0160018274307800033748945809979595 8.816119287190221900804366725463e-6
0.0153656035597490053287074167959776 7.805802693496612402092841668322e-6
0.0147546759231734100721443466899262 6.9112676416294307001444581104017e-6
0.0141680387018881441031734371506614 6.1192455545426641002043661079124e-6
0.013604726075834426653334567623512 5.4179884558954338140151685055287e-6
0.0130638106313966028471706730261285 4.7970947011587830379339116010048e-6
0.0125444018342898673562020100646585 4.2473546842099375244918149127644e-6
0.0120456445622161250194888678628083 3.7606142257897828153721927859949e-6
0.0115667176961881977240150593447521 3.3296536188759291929435991291609e-6
0.0111068327685366810766110875145371 2.9480805366485483455588467316234e-6
0.0106652326636285767542726298949157 2.6102352127573086160881501816754e-6
0.0102411903709191206676639186000593 2.3111064889485815504653674960254e-6
0.0098340077884869312827904387832109 2.0462574844678909407595446315175e-6
0.0094430145711916479264137270307802 1.8117597820456563836424892726589e-6
0.0090675670299477874768371972390944 1.6041351596542398152907935115861e-6
0.0087070470697623464803696606435905 1.4203039967711786524427337411684e-6
0.0083608611705310965625334787144903 1.2575395940274360198301439076185e-6
0.0080284394126541164019325609124737 1.1134277299060229348346906736112e-6
0.0077092345371844352886845152871905 9.858308501564522198409985810809e-7
0.0074027210443771515377756566187864 8.72856361729847685547252633866e-7
0.0071083943296452297902977385290171 7.7282856079933872826050544391159e-7
0.0068257698501149128516278039061093 6.8426377654468481282994039897706e-7
0.0065543823293387545343922232738835 6.0584836516914698251501490060166e-7
0.006293784992828429011985408469427 5.3641922529733990410091322398619e-7
0.0060435488255716840740832143938927 4.7494654417051457167766268744013e-7
0.0058032618741895863710322053290008 4.2051852506741192555084574177849e-7