1.12921938055460361030345346601624 135.17993634298542237115820491721
1.03849305977132265960851583481522 104.428366193527037756848467091134
0.95648022505544351143148132722397 80.94241604782725844950504739949
0.88235341236174143140684417643734 62.959706448797960635639750689731
0.81536813880473083348178961123207 49.154339253115796621915953054652
0.754857805691100999430594849775261 38.52746569476278654635373898792
0.700229913083977014395819869725648 30.325528217684442418435819550693
0.650963427254694911992246693568005 23.9791150142341471985501995677313
0.60660699464016613645524938588705 19.0571769604685278562391860620851
0.566777492401536974062390051534974 15.2327040582253455987635980498787
0.531158162053956005796212654975163 12.2569619655331252499948779925508
0.49949533595481250097149372350009 9.9401366016337155890730312980485
0.471592629485609587797868758643372 8.136790473257863697894448889395
0.447301575550648406635991595043223 6.7349452403072743232878487458198
0.426508178725149110071301867364102 5.6479057879692549140588566644652
0.409115842349387028324683243156725 4.8081583442553827312079854144163
0.395026431998901193660789584925032 4.1628309277907606428249358294616
0.384122427517081997516267760910676 3.6703177433539550781014189981538
0.376253527417460716707047465579692 3.2977562611953157324631112868454
0.37123024005524195568280613076529 3.0191182661438915305254663932682
0.368825093108523060618868837295442 2.8137396656130423286836859917024
0.36877996115984079848797934590049 2.6651681947112847932215762169728
0.370816652218270786918950540270545 2.5602506319160426026080558329389
0.374647795103099291027888303959116 2.4884100754373710418855956489586
0.379985975576728580895928723002879 2.441080469157842342137361332706
0.386550315329265810059452209086003 2.4112733984463582621471315741802
0.394070691946594517608355992841181 2.3932551148190169614241421431332
0.402290312477016989134054349868065 2.3823127666847004596700193452039
0.410967425124207636552635914923006 2.3745896042201162213534779573678
0.419876760672069845143824371061695 2.3669702262817604660892047311556
0.428811013012331706455772328678031 2.3569989614485851070983251824604
0.437582413069724183218796957570292 2.3428171919333690318287054104904
0.446024276983794914822035889579576 2.3231086662052826191805850463544
0.453992328090891353565403526086395 2.2970453271187960083610628961344
0.461365588824597369795368607247882 2.264229564966572286051574610593
0.468046688420523005878221665541963 2.2246317476808415392158714838296
0.47396150909085048758418378202704 2.1785241173805517488499718944918
0.479058174681850060350766581444159 2.1264135388498185602792500374917
0.48330545562846995949515759872108 2.068976154828420695654749373658
0.48669071314829633162017314391958 2.0069968834220814999625250936481
0.48921753123960382874517928609686 1.9413160976043778613639292096864
0.49090318908022629370904933027363 1.8727849868780174523246897518729
0.49177611364570117963532287282422 1.8022302190304309527427459963271
0.49187342868832359750320139476648 1.7304277417034225092048373729056
0.4912386873330300714044051417248 1.6580849714573117194339416063549
0.48991984610354130821575201922767 1.5858302382193308363573408772517
0.48796751144120144755003995715169 1.5142081707466982463761572165776
0.48543346760308808509266438801959 1.4436796860939333684646522608886
0.48236947794342602668982802418414 1.37462533638706672800067830386004
0.47882633988936151830892758831236 1.30735092470202907253592071745548
0.47485316680004963132758779024046 1.2420944913489251433902486945925
0.47049686647811477254140449223695 1.1790339650018821149000366877403
0.46580178546491103896453185495473 1.11829495210659968808844014801067
0.46080948954483856934488881952389 1.05995829307345265499526073694391
0.45555865338829391329654960907452 1.0040671411069137089921506419755
0.45008503541536899590868243534302 0.9506334193534805116719899597093
0.44442151734714478038648046246496 0.89964358693100877750127672383041
0.43859819124563807736901314947224 0.85106369805632255653815284057729
0.43264247995142913389013579104517 0.80484377495715588673735793967289
0.42657927960462445992772980733981 0.76092153832956396810184059286398
0.42043111534935697613862254143553 0.71922555221791412105400914538341
0.41421830335974422198784752473177 0.67967784608251723672419857525977
0.40795911401935363690299899679557 0.64219607778486617892934318146221
0.40166993246024060791080221789124 0.60669529891579251416391539324191
0.39536541376985613113736688857349 0.57308937963775153245589774660294
0.38905863103941930493602290623299 0.54129214489218659664045106665235
0.38276121510059060151861822413885 0.51121826810060789807607465662895
0.376483485307268268905306884466836 0.48278396275549753506720596985237
0.370234571102480125851297216447237 0.45590750684646449410353820891571
0.364022524391128530456932196468411 0.43050963004112548541692166157349
0.357854422936533005440294466860118 0.40651378900284239784171601502396
0.351736465137354763663089201907118 0.38384635222879907146800155650388
0.345674056628962922735595780930917 0.36243671229213546326603924971441
0.339671889206627093371007589431589 0.34221734036072207048267103311366
0.333734012592195137744235146539693 0.32312379528538858184429312250807
0.327863899574174201402769289731125 0.30509469737416466868201201699502
0.322064505040885780000126695886609 0.28807167512282057161299161954429
0.316338319410589763714637087366566 0.2719992916377704902697488742308
0.310687416936769203189532752788848 0.25682495619956569143698631205382
0.305113499341509819785455708136599 0.24249882535828539213029252063215
0.299617935196983692738283981422215 0.22897369706551488677364046342619
0.29420179544680243478937885737534 0.21620490063146225068132294218422
0.288865885427865901541127773351287 0.20415018470158073511517054521525
0.283610773723299080370385926806355 0.19276960496283260195114584977135
0.278436818149587954886991512628546 0.18202541289863569063001408874547
0.273344189153758005820283823927536 0.17188194659203303881489499466482
0.268332890872515342172087223278361 0.16230552432212125684273581126613
0.263402780080437949062814444215248 0.15326434148955144939359026691424
0.258553583234852656608015804436109 0.14472837124631078062284997079336
0.253784911803938763472535201137551 0.13666926907166436976473458514243
0.249096276047403556524508370295046 0.12906028143481582037748085228647
0.244487097402774099751809891838211 0.121876158604512789683169908098956
0.239956719614718217233775888465451 0.115093071602503010269429964505949
0.235504418732252547468770711229723 0.108688533251864818728810100241422
0.231129412085970852809908967957629 0.102641323234759178168174147191641
0.226830866346262007002599870148261 0.096931417047902298152178909045905
0.222607904753619393413343317453843 0.09153991872568112735108017397153
0.218459613603560719592945432265288 0.086448997188752494980167867775374
0.214385048059603186401561571820194 0.081641826066842564608934366085877
0.210383237361153357193360918354607 0.077102526841293493125091316513436
0.20645318948645682462918261844309 0.072816115151361238477803057148094
0.202593895324483534840379645734431 0.068768450108765658658377485508098
0.198804332404454071720438239725344 0.06494618646775535305508853202786
0.195083468227022741765047011139861 0.061336729501823071144015866196901
0.191430263236479268001049578228212 0.05792819244249784988670420375977
0.187843673469785474215340255010429 0.054709356341263737741744505230278
0.1843226529142292447300842010555 0.051669632220795128632081039988665
0.180866155602927956649100398071223 0.048799025388165315001283181928911
0.177473137474213850037531168581589 0.04608810178830764869602278062889
0.174142558018022917607742341089236 0.043527956281743807535065326195067
0.170873381731059413622520647121686 0.041110182737291487973488938267379
0.167664579399346208001783663081239 0.038826845835352722692753144923493
0.164515129225844528012438880241439 0.036670454483748896253743464366001
0.161424017817811212293857215621555 0.034633936752526724085139044317113
0.1583902410493878874627326730659 0.032710616240994663538189907779834
0.155412804810480457113832566272286 0.030894189793092821588064997463443
0.152490725654216419721319646669254 0.029178706483662688023898884242124
0.149623031353166560234200049632163 0.027558547801966646737992004542716
0.146808761373639346727198846992216 0.026028408963164112108487481381548
0.144046967275875416842371950190625 0.024583281282193693482028667668517
0.141336713048668026475678947399649 0.023218435549163529241970698115331
0.13867707538452162117541744458599 0.021929406348005297624789271437213
0.136067143901180721949107190692643 0.020711977263833127977989428377608
0.133506021316348529974389395694636 0.019562166928388890391226302042461
0.130992823579539401957716979112036 0.018476215854803600660393770049923
0.128526679965768001384963757533434 0.017450574016399331054249466797563
0.126106733135512422477814407151833 0.016481889126965191560535942427379
0.123732139163743814568007217196937 0.01556699558193459736535343345791
0.121402067543333146149841360191351 0.014702904023401233095901496368454
0.11911570116268052249457999466469 0.013886791492101511256727413720755
0.116872236264648019457121955739087 0.013115992134463605384484297831646
0.114670882383268918744650413368305 0.012387988430958407080320890722658
0.112510862267543010120240437137085 0.0117004029185271765839506714726126
0.11039141178694681367511564487735 0.0110509903765335170959842729328039
0.10831177982734663392498631629146 0.0104376304521477694932195801319609
0.106271228174466040897674829923231 0.0098583206987951921775551891645769
0.104269031386133858375419612961412 0.0093111700042828126756217011293374
0.102304476658396189992204566121975 0.0087943923876085180268191597275081
0.100376863682397206044066549933542 0.0083063011424217929973807272937342
0.098485504496568529111259130662314 0.0078453033084977934035680879317647
0.096629723331470613989129205831177 0.0074098944518116788740352098855452
0.094808856455644713955081114358668 0.0069986537375845141744725467794645
0.093022252007461916703469564807317 0.0066102392761864701412538737096918
0.091269269836523541699611296747779 0.0062433837317101972963251694115309
0.089549281331074245072040887185697 0.0058968901731246994460625283023524
0.087861669252661448972359635431319 0.0055696281588137852877457379245749
0.086205827564114864197495774280485 0.0052605300383876048751079187063519
0.084581161260549730039131846411492 0.0049685874614285869956399951215166
0.082987086194837256094689984905194 0.0046928480799083110756829168441873
0.081423028903371219645922719020131 0.0044324124345053172625594055860208
0.079888426444514492104485692192062 0.0041864310164049226379454292715795
0.078382726217621270329068741298895 0.003954101489451184565235183905453
0.076905385798484342490392721570718 0.0037346660695184782897367943156827
0.075455872762880070696193147252017 0.0035274090478150476628954045292798
0.074033664525579235225522382915676 0.0033316544541324176764961041302002
0.07263824817170293057197329495574 0.0031467638487837399203124667910896
0.071269120290797077724288858359257 0.002972134237584030878343016448158
0.069925786807335959864282109950126 0.0028071961021972922737426159081623
0.068607762827818835057847619358309 0.0026514115418676649389734235347384
0.067314572473929318272505679286579 0.0025042725165387354817559009534342
0.06604574872485708733499213520365 0.0023652991885626828634019566268762
0.064800833267710246447109200361168 0.0022340383572138967522835079089495
0.063579376327700738438709498795529 0.0021100619778825942217085984752605
0.062380936528168614515526390587943 0.0019929657664944459073103621554842
0.061205080735450549552458872710908 0.0018823678796814729658687447406318
0.060051383913978407582107976845998 0.0017779076690879599076737341763676
0.058919428976476305708979883932462 0.0016792445042338266237560072117536
0.057808806641799677863076240968379 0.0015860566612810658650747372487669
0.056719115280917330511510436666776 0.0014980402723927034901751415217949
0.055649960809057275676230970187413 0.001414908336970823620125898067875
0.054600956508864128181603899034444 0.0013363897821696773214702421602925
0.053571722923798011044969239859542 0.0012622285809032553163295398758212
0.052561887716655165863313540323547 0.00119218291595797895220031978259126
0.051571085528645691847982039340547 0.00112602439052356357411773648839956
0.050598957860129157122398007799684 0.00106353728390502983841264975615292
0.04964515294841430844246456368533 0.00100451784814857876697916628480869
0.048709325634569484939045218306953 0.00094877364291203721295757230393146
0.047791137243355082883440738019087 0.00089612290797453833777080039532117
0.046890255468633720248056671587314 0.00084639397074501984876159334835045
0.046006354241521167971924406312269 0.00079942468560556766685775063492496
0.045139113645937676926471413495976 0.00075506190677986856659478135015108
0.044288219735153599037180592855847 0.00071316098531218074495764692376153
0.043453364516226960603600252548976 0.00067358530226293053670395557013197
0.042634245765029653366992502270586 0.00063620581936454526932990659130035
0.041830566963586157412783535384742 0.00060090066039810993670932087167158
0.041042037147682160306597097201735 0.0005675547116629643423578615819478
0.040268370802266147926965984052557 0.00053605924678909965968984807555503
0.039509287856338275882285901761475 0.00050631157611886009820365555726446
0.038764513509903729407456847746795 0.00047821470862530784870725969296174