1.21726632703235476769591431328616 170.205271050416389187682905864224
1.11959167372976714719212341080208 131.655288694788299904691791227932
1.03137230885110862631717505220364 102.217629073838224923457919832944
0.95172487432191602449441474484929 79.681032192391826172315799023502
0.87985420283384455384013754382389 62.381533239859308588383108103291
0.8150464083512715518676581043952 49.065239694959122529595836592317
0.75666295570420142628942374923995 38.785831961949791655790829523254
0.704135560964287637732524966709111 30.827933899435723896415965278133
0.656961707836676848755802040728082 24.6497682062955542708668547811963
0.614700480803790446269125203996719 19.8401979106008164227928135348941
0.576968325383421587213805691929389 16.0865091835096348335129189694805
0.543434273795791974886394225849862 13.1502234390685327976884833015706
0.513814158044622038865388595280819 10.848920328773832196334314355879
0.487863418058758675979736476804706 9.0425685440215837712028588692699
0.465368340123779182833221030678881 7.6232433546802054744758110097288
0.446135937630650513847888463781411 6.5073922429491573786371174139626
0.429983155896938193949070500209767 5.6300184322723310359642566714861
0.416726511767655602528797100812081 4.9403062937305944273863126665384
0.406173486419644493534758721224078 4.3983277608726831358897634756369
0.398116832978224686200824130553256 3.9725563786219604413236236213534
0.392332432372391688275588287160125 3.6379833500655578971483872719454
0.38858060013689857678392145145614 3.3746828381530452134865104083772
0.386610086224042204315339108407675 3.1667146158961225963761367325007
0.386163648857699258176303385541082 3.0012826804105476438516529603403
0.38698409180315333080616126775635 2.8680902352936067442242006790619
0.388819934921774434375979455070896 2.7588463175703692550697331385628
0.391430264167740000445760493294642 2.6668892638084297574235724359536
0.394588627539119723129784854156076 2.5868989897982515490876860921449
0.398086035615903831937538564006797 2.5146751148061503212847034699779
0.401733192333829734906236729335413 2.4469622187311259711686955676495
0.405362067523253175759905040534718 2.3813074540185879906465599157411
0.408826877663345004468753798242649 2.3159394808425109842146059620992
0.41200450159569307954819702144123 2.2496611776493514452580072856918
0.414794340782838262500462515381833 2.1817516271513049619552455992603
0.417117640589000046610276948520552 2.1118753172107527104897847235451
0.418916312404781071717026364830534 2.0399982202794614021974568223127
0.420151325643303766453644263837799 1.9663114160894119352468625203262
0.420800764313594592559684446572538 1.8911632881408650214633833271594
0.420857658952591535215764109841526 1.8150012113393326677482572991075
0.420327708813173303644426807413632 1.7383232399492940046984746722379
0.41922700208675565583724201752054 1.66163977579177464411989303523958
0.417579826269983540658422275310563 1.5854446833204482860213312403379
0.415416640050840544848001666051004 1.51019490889508127016834836956357
0.41277225568517863511943054095689 1.43629739678929720368500014698228
0.409684259491060731716356733680587 1.36410197698989851107349954037418
0.406191679641292168695413160411532 1.29389890800223063414685627884887
0.402333895838185972839654414966409 1.22591985829494410254284985820654
0.398149774937598545350582995082189 1.16034126741055192269959039949151
0.393677009865097671804375549230737 1.09728921109699629488401934421789
0.388951635662217898536704718074446 1.03684508039304758666531184375821
0.384007695506322085177456542722582 0.97905155642955219124327567574749
0.378877030365501772058729660570161 0.92391851181203082422558629810963
0.37358916795588776456201253930875 0.87142859219748579952928491737284
0.368171289351097758503938738671655 0.82154232816212033526224728529735
0.362648254561686792014014613182859 0.77420270003250249023641178634731
0.357042671385169505892185024859155 0.72933913055091778291725113568661
0.351374994638213692802259490690096 0.68687091585709190790605419450515
0.345663645421943039217073986974081 0.64671012800612740752763546495176
0.33992514228760932362382741548268 0.60876403533812307634922247083097
0.334174238050936363841335440687282 0.57293709317070860124163314030189
0.328424057567875381030670848664714 0.53913255868781016069116471942735
0.322686233053627519489396699811158 0.50725378216294710698816393691021
0.316971034543768532849617840178449 0.47720522305562751568968768674343
0.311287493891857206617062967870846 0.44889323489725848638352729278723
0.305643521313208032612520101271923 0.42222665787188362561241217569629
0.300046013947583912150676439876259 0.3971172529728848426622630665565
0.294500956259702961228510763983496 0.37348000685696248403022418807357
0.289013512343629153685818277394661 0.35123333213120970393057891120395
0.283588110372405818816649785503747 0.33029918389280562403740996737067
0.27822851955056806141481878825404 0.31060310989299595871010621938753
0.272937920000355028333996942622811 0.29207424871358729174089370749985
0.267718966052603578957302675724028 0.27464528778994568429024921306466
0.262573843430590906423871529691761 0.25825239095343224284073295897521
0.257504320813868339418131484992044 0.24283510334571963713552686819893
0.252511796256984120560549307599063 0.22833624004142239993903946569895
0.247597338917579028861373352770428 0.2147017634571886479849288636476
0.242761726522627096585967798764787 0.20188065358683257014810090359934
0.238005478973762315101505854583627 0.18982477425155438936732400207286
0.233328888462455319438080109373778 0.17848873785679452528470612968918
0.228732046437186673207951267501961 0.16782977058404735752051867134554
0.224214867734602221724647036907088 0.15780757948493692620266398769394
0.219777112160126461503902889224248 0.14838422257880036382772835131071
0.215418403776663856165884955987933 0.139523982757427642277118944473172
0.211138248135833635803560192537812 0.131193246065204677502166349951047
0.206936047663276022956014632113023 0.123360384735194415089763189359289
0.202811115389403587860410319849521 0.115995645215512049105883536277381
0.198762687197078125699130889211145 0.109071041303458494226988097344062
0.19478993274108147781546803173375 0.102560252417090883052428359228111
0.190891965178116221619154999461841 0.09643852696488857076179820485342
0.187067849832029136640278447107163 0.090682590723102161871655597037011
0.183316611905762041659791452052471 0.085270560091871104237493077103583
0.179637243340645803942608410128091 0.080181860074951538836153732214843
0.176028708912326790404563043007256 0.075397146807698609811907597746249
0.172489951644082491828207899029509 0.070898234447017024530743056554232
0.169019897609256453878658308686379 0.066668026229152255741912464488084
0.165617460187549099171637888329224 0.062690449499004119169373844726865
0.162281543832523443703099252504201 0.058950394514047450055520889929368
0.159011047402345793664405839302056 0.055433656829356856340777236470487
0.155804867099846691546738913827841 0.05212688307385763609279680419404
0.152661899063016668994607807232322 0.049017519933420458283744883212459
0.149581041643683510632383039437669 0.046093766163849113691375623872347
0.146561197406853989960670804067862 0.043344527462396821795330495875385
0.14360127488065470782862844498597 0.040759374034854925112884179521421
0.140700190083748622739066524188423 0.038328500702803375239217110058258
0.137856867853505089185655392795627 0.036042689402513361253575685136657
0.135070242996618530821249784576833 0.033893273935383775122519015603233
0.132339261281281735161789977866829 0.031872106836847037054454495071203
0.129662880287573518646890600399771 0.029971528237585895769070209920177
0.127040070132062280246489763306357 0.028184336598736966972356884745652
0.124469814079615383205745849769075 0.026503761208404858798726950318814
0.12195110905509130588606143198018 0.024923436334086247097113743132481
0.119482966066103137854151156526053 0.023437376931524341269850764226256
0.117064410546038983951784925298866 0.022039955815830176938325488756923
0.114694482626883689736166192649076 0.020725882207125008854907356523306
0.112372237349219420348893448722333 0.019490181567415408757627982812144
0.110096744816932497405731705403357 0.01832817665095506217268407865279
0.107867090302280036677025740793414 0.017235469694406960919345288562193
0.105682374307868372043860803390014 0.016207925678366506761386480463892
0.103541712590296554421027949688919 0.015241656595294594089390609033465
0.101444236148871578280241844814432 0.0143330066625384852896138684408886
0.099389091185940764689841794968077 0.0134785384244358568940423770499464
0.097375439040156527551914815483471 0.0126750196887425307363062716644344
0.095402456096996269807457248174952 0.0119194112474769540521522606829
0.093469333678585229197683798251525 0.0112088553344967282642100937410301
0.091575277918190621326866066252104 0.0105406647763580421400543638952014
0.089719509617067344554136689258673 0.0099123127929348910699989553746981
0.087901264090213007061377996543665 0.0093214234102476610902416380453464
0.086119790999797636791376986375949 0.0087657624475220026581747942442038
0.084374354179948496522529599686092 0.0082432290445692790730144974972264
0.082664231452828548121847599720021 0.0077518476964697107644293472830099
0.080988714439075634807896161476141 0.0072897607655510745149104658487696
0.079347108362480581526470230226231 0.0068552214415565397689262072507985
0.077738731847462720631566376607616 0.0064465871224578913994375682241163
0.076162916719317320954087152403498 0.0060623131929523351838062266564484
0.074619007794086137809926048834971 0.0057009471732090949273605184698578
0.0731063626735181521803541673671 0.0053611232192883181905132644470893
0.071624351533155031404055119968708 0.0050415569511030290305919689887655
0.070172356914349781326684746685516 0.0047410405906249176698884198158762
0.068749773511152636454186516867018 0.0044584383896483560559105914251244
0.067356007962528887713920688793916 0.0041926823318473620686287827752477
0.065990478642627978212768321869792 0.0039427680910924719650789919292122
0.064652615450711061738286972087787 0.0037077512310052081579517925986719
0.063341859604651117991467896345029 0.0034867436319499030984266036351562
0.06205766343683133212138130342479 0.0032789101315300636304740549453184
0.060799490188123121054918170276678 0.0030834653650919477861400347240696
0.059566813808192457586190639962188 0.0028996707955733193148779778648145
0.058359118750568544026970528325803 0.0027268319195786784142561890110136
0.057175899785227743896377897443288 0.0025642956424193626754744728512175
0.056016661794564976060945338294407 0.0024114478071244799526228140925616
0.054880919582231880816079335698796 0.0022677108724310221219009067268423
0.053768197689860275646485479464456 0.0021325417299388837698233264790445
0.052678030202785586161584736042294 0.0020054296498144104430638515052121
0.051609960568314177068110182335227 0.0018858943502984731635952280725123
0.050563541418120433894826421169386 0.001773484182479251101971338045109
0.049538334378822448333061076473386 0.0016677744218054159689800942348196
0.048533909910320358795905967254317 0.0015683656641362696321021583112218
0.047549847127073081423621556306032 0.0014748823153582181053116581059299
0.046585733615823639669794354525041 0.00138697117062531710126351770204232
0.045641165298009485909356706018274 0.00130430008212518195901809572790584
0.044715746233369292436875318554953 0.0012265567007555351508371624908056
0.043809088475003396235166515104251 0.0011534472971837501889672414677492
0.042920811914344349629541167969034 0.00108469565198468590162424837705276
0.0420505441155771068073625500797561 0.00102004201094595841736276029377389
0.0411979201741653634311922416175703 0.00095924210429530250386193944791918
0.0403625825458328124631768786893093 0.00090206622209694609675277569964212
0.0395441809329106566422711969680547 0.00084829834855678491837675248160364
0.0387423721044646635063523894723626 0.00079773534328384517012978137510113
0.0379568197843179133952982324611511 0.00075018617564696439743842969591668
0.0371871944808325384886706003721742 0.00070547120098335301503008586768088
0.0364331733949014693993755246870516 0.00066342148442146663206412864151293
0.0356944402399006619108848891475685 0.00062387815981373104299808630846031
0.0349706851314302867439529122570653 0.00058669183073087169059225140404267
0.0342616044627793351871403352571196 0.00055172200615259399031804930981041
0.0335669007855795338112880873243998 0.00051883656989104179019716284383175
0.0328862826484436637084661312515464 0.00048791127961227619310780016715544
0.032219464522124635637516438147684 0.00045882929962802597226789962996972
0.0315661666449032217474633628561193 0.00043148075779781061550613101201747
0.0309261149384561357786695075009425 0.00040576233180483932526607082519454
0.030299040857164467700629989354651 0.00038157685725512190723970864109655
0.0296846813178341487613446337907323 0.00035883296223121645398668941868065
0.0290827785510858836543477601334193 0.00033744472054419712502014405342391
0.0284930800004289774675730199005621 0.000317331327431454272672489854777
0.0279153382709844773237966933205759 0.00029841679606278981124568831499245
0.0273493109098707150450043175970326 0.00028062966657263994516986852831431
0.0267947604419745617751182344204823 0.00026390274058825872050650110338011
0.0262514541935386894127980333631031 0.00024817282474617269474011332676207
0.0257191641553489936752260589144038 0.00023338049094198930810310150122964
0.0251976669864201570215623915404738 0.00021946985468250937233263862761775
0.0246867438612732225876210403679086 0.00020638836219305789738532002865317