0.84333420267039826089977941905023 54.859280143506330080381977448722
0.768345104295899642798743380785591 41.015814030317241617463240459555
0.698532456748205112637625121504026 30.41687746900151919567167529782
0.633003753859017113955989803604352 22.2958486847483846939558132857053
0.570919207597668830069688312743754 16.0809015354278523686808339164175
0.511504170481840779260645069480333 11.3455945924485162661248238496394
0.454071908747357144578435577646976 7.7710994881124471972873008237201
0.398061463848635358108646648370303 5.1169039070677093082487417847027
0.343099333141786448170514228071333 3.1977769173128530827871895021157
0.289101562069810331099054217690313 1.86558932904949668056355000958415
0.236445555536277699750612144693686 0.99527054122083316263791017744629
0.186248247991193249731650674050644 0.47483837644111817856015812062219
0.140722864311422770024489129504632 0.200317690609384630706892254540521
0.103234408608905524593326114354925 0.077523895939043940352339873726263
0.076999082001378044949399887300812 0.031576711415435607109635463839394
0.0623980144950174031264720772912003 0.0164816502167750937698862335638425
0.0565800173455547975620307095030321 0.0120036703673257912438549096727117
0.0562876751452047758947697923986631 0.0114612846036733271166110326351153
0.0595750378823685386611899392905686 0.0130446695005036133663489708222734
0.0656538903666046717561395159012193 0.0165528553815707817429569926923833
0.074384052923478728712304930618558 0.0225079387361140005311202468079379
0.085933296263551166254175334949646 0.031975267455902088271494376281021
0.10058172968429837783176793116408 0.04655139762927878666672483268593
0.118607363564486154093434364758812 0.068331654311646779521979764234202
0.140224461803975132853764429832131 0.099772655100152288701287574525223
0.165560077037917516609796048947654 0.143431753395655959471351997199509
0.194654045107208407326872275120789 0.20162702886877429586633294892525
0.227467908062466194727614448181047 0.27609614903023418886231496703768
0.263892794702523854530192157666404 0.36772652116695679461343659114377
0.303752373710669069564996680622905 0.47639623207833922479286748593566
0.346801508995596740150718850397694 0.60093024543860936822506670234354
0.39272335287641979816312836759503 0.73915511791622462386905610124661
0.44112791355489416319065154177007 0.88802959631177334642347976958225
0.49155446723866571425545140811926 1.04383110548300525688455537761741
0.5434791375833680832883431934977 1.2023819960602015334819217318734
0.59632786444772228369491600190477 1.359300575725976303655621649097
0.6494940140823218696756968572318 1.5102602190453352010500943324794
0.70235915705485933966282110672251 1.6512372778381141852022537109182
0.7543151244690109733105559938139 1.7787275456049270615834770445998
0.80478536520694895057205300279183 1.8899132332318203698732175301105
0.85324383447501066524610372865482 1.9827679488270339456878604535099
0.89923007131596258294993383790753 2.0560949482406198450557975995603
0.94235966947225400664775514791017 2.1095021697558451495129192016871
0.982329908566610426466785023336 2.1433245366535528131903421974247
1.01892080577938442964996378566305 2.1585085080299851807653895496943
1.05199221623792886450476396541157 2.1564754593200594684390851545524
1.08147783170253975763081829331158 2.1389794796413794367992399443204
1.1073770082600383135797136634992 2.1079723404756468812946839931373
1.12974532092759458681654048072871 2.0654846364084126272535777207696
1.1486846316507962627802260738072 2.0135282466174511198402475450018
1.16433330227614524616958839580739 1.9540218990412731380472285254965
1.17685701597932088089935325192246 1.888739052165889187411130200027
1.18644051136776920445421060531595 1.819275620820660843298012092598
1.19328039563872513987104699409607 1.7470341747813588506116793349097
1.1975790943476055569796875039126 1.6732209712301866705069996962508
1.19953991437899369709494353512286 1.5988523427927058736654173696156
1.19936314315737916319911810072598 1.5247673867024996580591084884042
1.1972430746022536577782858715786 1.4516444385305752285550003024754
1.19336584087151161904886306778564 1.3800193861964397753613549556582
1.18790791255443283242191986043461 1.3103043481203426408706951875757
1.18103515129003658126313633460048 1.2428057462626674738503782764873
1.17290235781613334901737151828693 1.1777413017402512246812795491621
1.16365304741225754095577386192725 1.1152550525215166091829579793284
1.15341963933236275938965372068855 1.0554310920863561776643765105571
1.14232371733868697356167332828944 0.9983051547090904762304888782872
1.1304765058813452538435202575899 0.9438747382841762214182678545696
1.11797914251605649384081652404307 0.8921069328604484959860308991173
1.10492419826175483922998298230828 0.8429477398022913866376619311406
1.09139486318427301030621018821231 0.7963244059151269001199665539179
1.07746821710112342721667855540117 0.7521560959118360659988153462541
1.06320775782779649769921175174521 0.710340653841411930665650852324
1.04867979463910533295137358249556 0.670790701836699572494475576392
1.0339390296553077793956722315106 0.6334044259801201591881758496687
1.01903313036734683681129331398146 0.598076860025583040290088619851
1.00402399554652659716508791432901 0.5647368554317192181805462044353
0.98889809790553748958021914763149 0.5331955608619230063276858206355
0.97377330763633153139182994433944 0.5034914687087346359444345077112
0.95853828089350420636753580913644 0.47530924353676509374804328207652
0.94340693492427632205442790624357 0.44884157973152121843998249603528
0.92829213272389107243263259169397 0.42383238335907371858240643194731
0.91321386932612918678634222490671 0.4002000957150092685401482015097
0.89824154436713974212026341012789 0.37793276167212143680162527415233
0.88331578738248923331908554697896 0.35685870960087868868489161149195
0.86870821636567975961032487502886 0.33721292257060740242097003112774
0.85388679163786809100025053147153 0.31828973264521948241053361465378
0.83946527116349097514427012322664 0.30071832880079710721999790060322
0.82509626342220251806128953142221 0.28403547220824478922372254732758
0.81090938958064153202709604412406 0.26831637835585860180301248788346
0.79687083714415261174714347282935 0.25346511644868685875550717242367
0.78301787937388781571455084673856 0.23946136803401869351784093854481
0.76944718376494120218758665806497 0.22633649403041302659095350996363
0.75593972898227309540075228288623 0.21384526997310289906051346658233
0.74247786143827503972521913220357 0.20193992379085105337871763422156
0.72934051987907607762060699688363 0.19081021254741677957404636813711
0.71658897450175516422533559744946 0.18045035140448116574131603773643
0.70362147785098527529127320660982 0.17036965600468147833678701650413
0.69102728561578217580267052980855 0.16098021861316632049294001011101
0.67886017862918910279861764924603 0.1522713306976979726882602844351
0.66644407437365150692332985881162 0.14375771025157715684289816446399
0.6544648531191615925397173227706 0.13587179529289957325635384289275
0.64272558457930767889546093472348 0.12845174337192170655947867540811
0.63110905531587249707308626481031 0.12140245917199328181991642385452
0.61953365859552385784022964404536 0.11466051858007199010501687226694
0.60854711927034220174953704496399 0.10850676046675908449496550374543
0.59732719641828861495168995459933 0.10247371032070480404713794137181
0.58638377226543445690530159898442 0.09682019713696613796813422836514
0.57602721970677741543377263809123 0.09167136486064550499612156353126
0.5651979313939774961909695564535 0.08650237749824027351952239629832
0.55494980184621543646943221877443 0.08179816966091968252521904548163
0.54478505673440114473073417598728 0.07731186520172698948891026253551
0.53485805498490083220358933352331 0.07309774777704204475305181208756
0.52379295682528729116661313257021 0.06859819024029434225673832301018
0.51546541575854358882913178946335 0.0653285725830908071592117756716
0.5060225041466086230733047312237 0.06176019500988751659555922174537
0.49601686062921317855098992445052 0.05813063698328484082748294267564
0.4873765414104562762390759177744 0.05511206087597905767156269966367
0.47853143489769491523984675599822 0.05213629628452447988666502031187
0.46950617083375176145840948521396 0.04921599096771518688712620533671
0.46129957110233257742569761016905 0.046657487878522491128675236333361
0.45257979632630177933237263757359 0.044041561694075802691280691530789
0.44364653131152217847867127047416 0.041467472852390207535116331330183
0.43606934941529118415198168066852 0.039363626241007216127437429008811
0.42792343859215630489500416199688 0.037185262697048321722957868874658
0.42006873589756849894300184232434 0.03516326179524806329916773904689
0.41143590044291119165348938411362 0.033029385236678973262866524173736
0.40469659326560437939863617971557 0.031423757622250696340792870444621
0.39733134078954642270718835671255 0.029731200329836044511413227409604
0.38994321634737837581008725107978 0.028096415235093742008707673748772
0.38279853768479991040654748301201 0.026574075750686334749141739761829
0.37574464400928786288627119541131 0.025126585603564018704070913309736
0.36711149270207413709762987349606 0.023429520328278065091109038334586
0.3606461582321149110618368007444 0.022209252050221750810399522965334
0.3545718854213685845951932888505 0.021102269556835209786087070262947
0.34861459370919495833866391017787 0.020053240186763825303071691122564
0.3421959950566112815580858724602 0.018963092002932906000422683259407
0.33609812592448377361460971365224 0.017964856546926035874939313687433
0.32972489982778440825413048448244 0.016960008216979588976391500070644
0.32330235200771787525362824977061 0.015986253596581321503967613627741
0.31757177594774419125810840836874 0.015149515282290483700059237508856
0.31166276311483178251941249398898 0.014318058267955740711797471322543
0.30594945899932231020329188808534 0.013543718645728051264751885496948
0.30024482484585892247741417182067 0.012799053251902887449635356899969
0.2946802191610248378158467488631 0.012099552766660982361018757502756
0.28926164011252920320736142351209 0.011443438082397437703073326648201
0.28387969542872101886730644431658 0.010815757529156313941032478653828
0.2786920775600741086654368000276 0.010232928632735100516709993243756
0.27346479808134787337189450744471 0.009667284483188810558458572201062
0.26847326023481676390650795967416 0.009147013500212182211205524647086
0.26354033962886061373939080697412 0.008651576318109151058959133772768
0.2585631570330065178309985755765 0.008170209629804262936647895087942
0.2539274645862347395282521190442 0.007738256620950904845198946877923
0.2490524499223830215326393499691 0.007300771576585080174967463379432
0.2444830514059166513538629621176 0.006905991950090894653537623429141
0.2399267674079966617113964186655 0.006526804189711000587686168063915
0.23548204319819964847280162872305 0.00617054673640558220992381693083
0.23117017546662467311047457340469 0.005837575049214334969540099649213
0.22685624605354735707505976855448 0.005516670597513040954503085053058
0.22275319189279628801335796603143 0.00522258214008230379677646521215
0.21850718317244322633022718755639 0.004929468414568209384139334193891
0.21453912286683433183860281988367 0.0046656553647380146024240902246531
0.21052954883411231289388775265424 0.0044088290438344369854636471152587
0.20655954597204183444910098354334 0.0041640071902018750782379390392768
0.202774238301785985747599905329 0.0039391832354106041627878746066638
0.19900231697408291456567211421722 0.0037233597177888787038698519067877
0.19527189777484960057575606570579 0.0035178159298743245531706694782257
0.19171580945723536859493736770513 0.003329058376275207462317237606023
0.18810761913657070983357270221115 0.0031445680376186607305707685936577
0.18473115378702417977037645417891 0.0029782207805333434539158244584029
0.18088517348317790073312427521071 0.0027960207267046046142656666724276
0.17767587831777463045280272306934 0.0026497948987835772422836213644702
0.17458428334736148229749292254084 0.0025138420480927767684412729681266
0.17143649460217350903094966175881 0.0023802819446860625696852247093724
0.16825324370840490761660143461781 0.0022501175551032975673590649603169
0.16481272425354389133883116286525 0.0021148698928009269208669765807763
0.16203409622700611736174454162442 0.0020096826838186466788300133408989
0.16169172417339360981618687300609 0.0019969568443253935198346309811979
0.1561734779863414582582157829493 0.001799386296991728368226465570775
0.15327223118928970626068072938119 0.0017009457308143582131872251714522
0.15022201454292038926396984183387 0.0016013947647978836014314978633879
0.1470352404693574198116010628063 0.0015016190794352535310055894590812
0.14480027228134249227046387940184 0.0014341731013783584143393405352708
0.14211707535233243694744734619462 0.0013559083534734905395545212871425
0.13948358787880782817225396710353 0.0012819147137076562792973240497334
0.136898890017011692337111501074849 0.0012119590875013094647729496318287
0.134362078790121359546839187384037 0.0011458211009215469235899294033808
0.131872267751282598714905803197881 0.0010832924056210349628811888422421
0.129428586890462057438437285623115 0.0010241760275378089654637506476288
0.127030182078935143353548985506405 0.0009682857396524715371564839891072
0.124676215259956838541637719417557 0.0009154454863532454140924930004557