0.86568849273835687174048283322195 59.489814451863150315232521266582
0.790309648508934850016443059393 44.767556516762473799204945214262
0.720527767692756922847065455718392 33.496139656056260181714720102665
0.655491376589362612699961448439022 24.8543346143821364547331824411896
0.594409678288193868731569836381626 18.2283110529798716607882892139093
0.536564374811843847483183176290941 13.1592798505761730211260496380933
0.481330977075512068257643280061108 9.3037440751904582240744680555284
0.428213040803993798631035404974776 6.4029863045734340075596332625301
0.376894442957536251302967279081605 4.2593865292534005449469521778095
0.327316883522169724088023857130983 2.7179686145495003659064384102724
0.279789878598085910838307915754676 1.6522567055299381944805486263895
0.235128802759214216569265551321697 0.95411355030498291105196427928642
0.1947661181566835387210804265525 0.52775122747647256283375691333078
0.160657108462935371551977612414073 0.28840847900212447897784074828478
0.134693992154192965477811182650296 0.165502036287345140266716346637618
0.117687646378941799249158511716948 0.107366330791823612379522005357242
0.108838850732274346756345972993958 0.082321400551393780310132869928295
0.106397922166125419935626199834035 0.074124425758623192962844293731677
0.108700594699561426371785965491959 0.07557144594674584060955540296154
0.114646649865531700187697671724894 0.083926228764108460693623916445963
0.123673600065113670859871844285495 0.098591156858886601038051966982579
0.135579076905544596680238153641165 0.120080425018358396731764272410118
0.15036110394597834006408481100148 0.149551886468492990272062288044462
0.168107085889779770428663388483484 0.188531369111364272272155091619591
0.188922960923102067620867523322387 0.23867895936260221124075567891929
0.212890411260003878543399303376887 0.30155058290440147050741016594409
0.240042590928663295703582527776957 0.37835890814910910254114298747313
0.270351200009255353556662782228593 0.46975903453133142334555338553992
0.303719834995103492230323920005939 0.5756863556370666886427044026824
0.339980632563815210079315961323337 0.69526475339051183790255640830204
0.37889306165456107359787280503115 0.82679114846265572837372807591923
0.420144980359565140644749862098381 0.96779284886136672463991958677672
0.46335664104856355192085966308889 1.11514847951977390848188122707626
0.50808829745212117746664640092919 1.26526017074516213319374725815107
0.55385164864161251453005651644107 1.4142622770110545326068811264126
0.60012476980684127105793790706789 1.5582493705326120964323835256846
0.64636961681026906665967389503403 1.693504087741202576569036299883
0.69205078392800297354254932378012 1.8167047642743609194773006522314
0.73665401376149117096726322704705 1.9250946666102596421355068698441
0.77970301734904275230670168506511 2.016599237296381894682680780049
0.82077342380342507082397708149794 2.0898844312841683854078546949227
0.85950307226501359651611893230125 2.1443566169741703834520449792906
0.89559830232169983883149748476736 2.1801111861134741497856204996488
0.92883631655516019456778418877556 2.1978418129686722214834290649755
0.9590640250911939125195040921912 2.1987246628582946746590386616509
0.98619400770624290204529108319037 2.1842918299242655695069566751798
1.01019833961453711094865001714175 2.156306403744548352969976292279
1.03110103716879644149127878817554 2.1166485713468813147995683790884
1.04896981434871429764987593075865 2.0672187973722509374013275946515
1.06390772854532897872616818759048 2.0098609782034460170941735884018
1.07604516097833613782040225459017 1.9463059027245296402873887216441
1.08553244298392101097608164431734 1.8781335217267967747658887401463
1.09253331876070797994805758480664 1.8067514217571167138292422632833
1.0972193348852169921517755112389 1.7333864013857644232209562771865
1.09976516989802696734239182730454 1.6590860049684638247964531729934
1.10034486267151046575502518441327 1.58472712371000293272743137367
1.09912886306537444003575994443375 1.5110291908460352237482052747428
1.09628180906627460853617927087914 1.4385699764588279029021615512881
1.09196092708819927472791575657053 1.3678024578658860362189724183795
1.0863149530698233155037540622541 1.2990716640197932453262753086336
1.07948347846370571578194902406457 1.2326307473928100230871296607449
1.07159663457512149510611141492463 1.168655818729958873455241476346
1.06277503993969339064737174000693 1.1072592955524937393704127686813
1.05312994649969792782399868782045 1.0485016700966482948274080264731
1.04276353114388096671766308326908 0.9924017096139075112090539289691
1.03176928948302125808644879902771 0.938945172394966732913338556898
1.02023249659289644543465806434721 0.888092160913728704301829348617
1.00823070665886074527461672532127 0.8397832532720225659164240883485
0.99583427406174071022664346150767 0.7939445708065148267869439932829
0.98310687302377175609921900497952 0.7504919087627551650473176406402
0.97010601546007692571664782904261 0.7093340935973570020091296123119
0.95688353844470462870295743291472 0.6703756426755178763876589254322
0.94348608749389743539883777653158 0.6335189084766391998728601769561
0.92995556074233004575557239042687 0.5986657306553201183166320102044
0.91632952556445243055729296377082 0.5657187111997174402469227511343
0.90264160372266405052432459159665 0.53458217642860311073945528866059
0.88892184714727130753792198619874 0.50516292334152583744518287575342
0.87519706648119650233949452195423 0.47737072671145985666482439342406
0.86149111535888491656045632714334 0.45111866033144021602958712727818
0.84782519632029697736403010916667 0.42632337049539057139876132449095
0.83421810770195491877942384061516 0.40290518904728006871086308552924
0.82068646986731818943450337368159 0.38078817494179790977222586967816
0.80724493155809702199109203548651 0.35990010003671654388561155300602
0.79390640655201328536823862533642 0.34017245540222221958093874587576
0.78068216312488463542446140143085 0.32154025101338113980146225023371
0.76758204943336901216337165269539 0.3039419978934449546976248891475
0.75461464022319121255040045504964 0.28731958091731977782161089866715
0.74178733899627471432776012310642 0.27161808652587051402689103663429
0.72910645473441527164953883255965 0.25678561788735612426423810605991
0.71657744913304194605027508496179 0.24277330160236250792091635528425
0.70420481521241671423886885237075 0.22953490997632923467348158463649
0.69199229268407663151432885097117 0.21702686116671927848803401592214
0.67994305731974171000743318282746 0.20520817644667182795139497650969
0.66805955539392066456341222450779 0.19404011669264496297048650636832
0.65634376955316569010987457629743 0.18348624033040945309438553691807
0.64479710549516582623989966282262 0.17351212527821376274047375580188
0.63342057631350314197962545902132 0.16408536493203302803117112768387
0.62221479569513397174229844525145 0.15517540628582742322725854925589
0.61118001477854532752606954483256 0.14675343854476068541299544392192
0.60031615942442721287344830361631 0.13879229151078990611273988838701
0.5896229078357602497339084515129 0.13126636907977452302741494726855
0.57909969232405786566419703508781 0.12415153506532570157754022362303
0.56874567690362680673871890432291 0.1174249958823251030168644720794
0.55855987101807435280880050492014 0.11106527808156958115519734528454
0.54854110214944470946322449595356 0.10505211874335589541088684521823
0.53868803726991607070512794461067 0.09936639561122419622100613660234
0.52899923370239768581315692377956 0.09399007806894666310297651315116
0.51947312084424994083672418837796 0.0889061437343867187088837915994
0.5101080144080461961860053091187 0.08409852001238113259721010683193
0.50090214475550957241399425446494 0.07955203663907308750356725804049
0.49185368415712260771747784842668 0.07525238006535534877037389866602
0.48296075311434596629308156395827 0.07118604081127015497532431808383
0.47422137170830013407521409707018 0.06734024147205511239837079204973
0.46563355903347828152526413812326 0.06370293428546151582523776756666
0.45719527283476578369426243869106 0.06026272992647966772149471864523
0.44890445522343341720093386582271 0.05700887578409395127181159784429
0.44075901499488318395756899510849 0.0539312101155033372138384775007
0.43275684909929282775829604743709 0.051020134486497924103390000449288
0.42489585711280984474594165736481 0.048266584755537049088887236140992
0.41717392654999093220689513248968 0.045661993898220521860788303020556
0.40958890323198764235452737955415 0.043198253515938570131869191666626
0.40213867687306635529260960260797 0.040867714564615069829440354368382
0.39482115038315096664362264461486 0.038663149891927142399282283112633
0.38763418670848248378328767740881 0.036577714431010861533538626811151
0.38057570499425693898785618319455 0.034604951099656170923824931396883
0.37364360910306207333951399261152 0.032738748149916766826893460761241
0.36683583235265222562984519923317 0.030973331720961272802449926640611
0.36015031645511817163426479168167 0.029303241011488656097736066178601
0.35358502535171657261233998241765 0.027723314069060007321517193182992
0.34713794052744320980810874294843 0.026228669755554571504361530227888
0.3408070698973641895697796624776 0.024814693974459606639608667027815
0.33459041576480590655205983306289 0.023477017823906674945445656956749
0.32848607297827733875131052189795 0.022211524562607025493371384773139
0.32249207069533865479806034716359 0.021014302845505343124607738975251
0.31660651200312653923170643131116 0.019881663886445144549992172415719
0.31082753581682142842502980996921 0.018810121007282017171402064849229
0.30515326675085529282549878312746 0.017796369472249640897233302352191
0.29958188548461163887286006249856 0.016837289231379428935289148097469
0.29411158213803957856900890165156 0.015929926533521528731212064602065
0.28874059134067093313144797508676 0.015071490651637995470798872897978
0.28346714936745165385156520812192 0.01425933812640532223349133611813
0.27828954035276661155132133509063 0.013490971927517592528036348551667
0.27320605123637849030378460708284 0.012764026750371592621536620767701
0.26821503577609242961962334295644 0.012076270920188633370517392032405
0.26331482383547695718943898639743 0.011425586617031760423297133277826
0.25850380766289697442060553251681 0.010809975370439251363677912792846
0.25378038813827375561916953216612 0.010227544498339064192340355559786
0.24914299849953606706451999906132 0.009676504421618778531882773349536
0.24459009610459537597500375302926 0.009155162065366875353587963696494
0.24012016785351445491366907897948 0.008661916256969757651312234571122
0.23573171708081146234095919381257 0.008195251344393090409660973582818
0.23142327862003398496614838856473 0.007753734219777080202763845435244
0.22719340989377757242288454021183 0.007336008924641196421668364411211
0.22304069562005517200569742419385 0.006940792964843355159043651386016
0.21896374326648349949933367345092 0.00656687291702414596726872179003
0.21496117965637433180863560599392 0.006213100440128608125503728878512
0.21103166149174647157243634671308 0.005878389710118165010606529564792
0.2071738659702928194683379678938 0.005561713240039353950936418316629
0.20338649289426299300189170298702 0.005262098944139188795796723525749
0.19966826711137978010468868180812 0.0049786273536088774111416418073046
0.19601793278771446114389941229267 0.0047104283608673541466139326190375
0.1924342586967476948200490862476 0.0044566789714106590357565094181255
0.18891603403975446870090488880517 0.0042166004777839683428419424473648
0.18546206861689297973046632567652 0.0039894561114774647490196060470191
0.18207119506109764330841837734981 0.003774548944232141379418163833486
0.17874226633758564232321731418433 0.0035712195926926926566284483568867
0.17547415548823202470451658950557 0.0033788441993417173868240222627603
0.17226575348444120218192587811854 0.0031968324164071917565506697435985
0.16911597651903852801735269986635 0.0030246260215796599782100856084627
0.1660237554431063419745728334061 0.0028616966172509931936241632462433
0.16298804024975862349176801429202 0.002707544293384101328754967212065
0.16000780325835859998125719132002 0.0025616962585033247855862269967534
0.15708203297885364308486623553417 0.0024237050856790745062194731644395
0.154209735946275770887884628979933 0.0022931474544352886657907258675975
0.151389936101067989452610517194747 0.0021696228382355842044156098715642
0.148621677581430001811215620221673 0.0020527524062144068495175226898829
0.145904019407097703111016497651253 0.0019421776390914471163985333550666
0.143236039676181650247359565839231 0.0018375594196201328304093988038654
0.140616829042505063694943329388955 0.0017385767451482696665853118821437
0.138045499811354755974840555615802 0.0016449261064220235264185104362695
0.135521176103940246339857095571123 0.0015563201911757399915150284269355
0.133043001796520330144250135697141 0.0014724873033940385168608059949572
0.130610131855674193017376641521583 0.0013931702363335616539375663155186
0.128221740911999678460023178671478 0.0013181257830390906781009174661236
0.125877016972928218181581598274133 0.0012471237853886697628033895033437
0.123575160793661236541286518707055 0.0011799464269919271110483740076928
0.121315389851870146589390727946557 0.0011163876924082608923427488464863
0.119096935413343842167325005933652 0.0010562526518969969220427382568231
0.116919044133232364476838240305119 0.0009993569132001808892663527515936