0.99597703487486370756187400438797 91.913824698929833074872186125978
0.97787456847544586030512902412065 86.851052378648953664307134794265
0.96007914484181481176192069087097 82.05721818309109505447732418748
0.94258222071870032978230481998196 77.517573898599849114680012741647
0.92537533550114327747244523562853 73.21820589314938165744795119477
0.90845010837918440913346811220239 69.145988051711601181082968741964
0.89179823566419087568214601976766 65.288537403342583327241383439797
0.87541148830686273115411803458989 61.634172283520298229656311903285
0.85928170961747557131717583590019 58.171872884124843301568258619838
0.84340081319946775854173707291316 54.891244051796496482566856297542
0.82776078110803354781806662487227 51.782480203256932975146838480691
0.812353662245944231560531768506682 48.836332233566328840092297951233
0.797171571009420806088293576882222 46.044076300247568267411062831349
0.782206686197480954292759193210244 43.397484372755192842686581321802
0.767451250198826486051217633286282 40.888796442934983577420562842936
0.752897568471008781565538577531607 38.510694297929436563956071148423
0.738538009327329610924218678335751 36.256276762460198863539415400076
0.724365004047704117931902234445799 34.119036322581022531795854475861
0.710371047330563062409317161847514 32.092837047867873795593949064774
0.696548698103802108704989537529389 30.171893733613567647671677398391
0.682890580713825140099696472926414 28.350752188943326807692424797479
0.669389386512931687756823448892814 26.6242706008871595667508373170384
0.656037875866638479152667206224385 24.9876019083440471729421719811724
0.64282888060411578322657743425725 23.4361771235789166293958844386317
0.629755306936772778929560977036797 21.9656895424163635395090159579328
0.616810138872187804127158305963365 20.5720797876490295674562014063539
0.603986442153198048630221776478979 19.2515216333864736614117162963087
0.591277368755027441938382525398861 18.0004085611337947599902161266557
0.57867616197707263017442968164629 16.8153410013343278298771801973314
0.566176162170398259524381880130764 15.693114216936016675353761008957
0.553770813147385050787430977869991 14.6307067882684127219300051790553
0.541453669326444736888963783484477 13.6252696611480684592343642638878
0.5292184036725312469984245983106 12.6741157226759547240308530226695
0.517058816503636476773315041229928 11.7747098716591674041591884803621
0.504968845244811558752666924348488 10.9246595529791996645853331656114
0.492942575225045128343881870669817 10.1217057275551463361131616218423
0.48097425162884501044967543150092 9.3637142517999272108045103809404
0.469058292734336391499488765363573 8.6486676426534399687854685775025
0.4571893045936961581128093457254 7.9746572063904223403146225886172
0.445362097340576283108095970532983 7.3398755114396002214497222626282
0.433571703343798700619067879865462 6.7426091874120419791256255606951
0.421813397468147232401243122438808 6.18123203441490164099804055078
0.410082719752802684696202247058225 5.654198428513711174037204770183
0.39837550087744414131116130083071 5.1600370108986614542356634889134
0.386687890857045887204657893227378 4.6973446499020310990651881869347
0.375016391491014222001061398831546 4.2647806665027887855832174785111
0.363357893192925999193726986369342 3.8610613153422099095872002212556
0.351709716946437787964992717349587 3.4849545145679447763091902321451
0.34006966227395148123192742442565 3.1352748190399980715905429298336
0.328436062270556618849620113473207 2.8108786325971534614294218402318
0.316807846949945702910537226826377 2.51065965623997302477356573771489
0.305184616374543731516779896034601 2.233544570300101892427621931438
0.293566725301437848938659313454854 1.97848895002437057541039202362801
0.281955381369790023592013332000078 1.7444734156288535914685231184823
0.270352759182388197013909318276592 1.53050001993599904374965596011587
0.258762132986976461631912150945656 1.33558887940915629845663937837736
0.247188031026849581171213996057899 1.15877505801315596749283371212133
0.235636414976265311015700253120973 0.99910571819056171783848247894033
0.224114888154529756369386443026699 0.85563755975001812375128703183027
0.212632936340004900719298279205187 0.72743457607288322710601913286096
0.201202204848260483797605117071106 0.61356616824747383370271092206741
0.189836814888374630275564913065595 0.51310567200162382518160250867239
0.178553720750039224093003859386085 0.4251293699577489488135318106751
0.167373106629918656463764988374991 0.34871608279222432184913517219556
0.156318817200741915632233708064386 0.28294745672777524673132395458345
0.14541880842621752129485736866306 0.226909089711955806354272716541703
0.134705593416365838759467768477183 0.179692661163286364235447446350353
0.124216640877722291405271625959971 0.140399244210957852994032737129721
0.113994659577388711283863733774925 0.10814397529603776822628033845165
0.104087670574762678509866705996041 0.082062220078881604756766848370543
0.094548731221946153278164368621537 0.06131728935751909968267814031635
0.085435136910568066729211120310868 0.045109605851145456976730381638904
0.076806901650844747489302295538021 0.032686990088521669571269092770724
0.0687243308361428929862726021438153 0.0233554276833679996256575778023408
0.0612445832700652666192124434833193 0.016489342543708969716202567996984
0.0544173094637495183901787430413406 0.0115401210914379190869923763803022
0.0482797587837033016736280660800025 0.0080415443286566165257506197767681
0.0428521138810066879412869724482054 0.0056110205399895647094057218555263
0.0381340890594545688487590433834193 0.0039461221380319230311993006024246
0.0341038134758857760038981955728276 0.0028168015385564615042057116759392
0.0307195732501035675724755159740737 0.00205450989880239117275989560169215
0.0279241990479717652948520572116063 0.00153994195486395664605240492739832
0.0256511010730839990042647135640786 0.00119110321930770825399803998852114
0.0238305652000011192562352978118003 0.00095292475572156590913404485316812
0.0223950893747217276681738984073507 0.00078900270210857348484924189455627
0.0212830846025747120128108517489686 0.00067548223161282514337948391628074
0.0204408593912796200830598107877689 0.00059677262721942618391015305338125
0.0198232060380607229195713123239951 0.00054266421932985445223356359142438
0.0193930533448098902901777311882701 0.00050644117965504109812936498846977
0.0191206149486253306627266664805991 0.00048366672696377414659899084717862
0.01898234768276976797943879394617 0.00047140774368816023494938652005983
0.0189599132949126965613059953841965 0.00046774119796337259386547038964163
0.019039242588333970415130284786047 0.00047143987011087916066064467671089
0.0192097396142190764607174323413379 0.000481772257573091600050954448852
0.0194636288200809041175739243959376 0.00049837579265251511115352606140275
0.0197954312956517180246897099929642 0.00052117786961356148661502937882446
0.0202015500939969732082822371354009 0.00055034878945607142878029147253489
0.0206799440096525810308522782712509 0.00058627672558880620483204776899598
0.0212298711296638846226759354646762 0.00062955856375446126608739594155796
0.0218516862781488042901204765125038 0.00068100283151490690110147040906498
0.0225466793324417460786363701409974 0.00074164243236879229381751589894112
0.0233169439534370522880980657415691 0.00081275585710005955256637812841169
0.0241652684430472376633994975905922 0.00089589615355173915080113841021634
0.0250950422307843485038010439537576 0.00099292731155693460555271508990737
0.0261101729573172415073649375149119 0.00110606793085757593520482808372329
0.0272150103330745115984279656311007 0.00123794212645013045428086638283448
0.0284142739652594471122049000650036 0.00139163761086140750185044023804006
0.0297129832141395894876104281146537 0.00157077078993280103607808193093769
0.0311163878908245036545448411214184 0.00177955852712195094554301316709461
0.0326298992612664668864206398894302 0.00202289597997398441738680183939569
0.0342590213802011994567187557794015 0.00230643960227637079992308175451688
0.0360092832409929113183949541964169 0.0026366940514247231126386731128511
0.037886172585095550987233635166347 0.0030211013624190493975157026072238
0.0398950724597631142572340753427341 0.0034681303721129705363456556115933
0.0420412017395942561023345851441812 0.0039873640279473521370881195901283
0.044329560837279583795990580580881 0.0045895819242110536540265842268361
0.0467648837299002827314485458692858 0.0052868352047565946239763068004393
0.0493515972353775332894121006423212 0.0060925108790283525686077440347577
0.0520937882118077418358952938747332 0.0070213826364486387241082132753253
0.0549951790472523966174283339942277 0.0080896454217766227476407586977845
0.0580591114872424851484680223226642 0.0093149313496657374043577891918496
0.0612885385383622814118398203781162 0.0107163049782839863505629909273795
0.064686023911185953829339132499324 0.0123142365078280092552431090022402
0.068253748241068022961685635070242 0.014130552090735440679434984764022
0.071993521160659380634665716957743 0.016188361102238395809801858847459
0.07590679819679079425569198640334 0.0185119608867884662896670841396828
0.079994701424066795099546850087257 0.021126720133401303147360512784436
0.084258042821297740081640966508001 0.024058942610746854834427527067224
0.088697349335033994029170113495069 0.027335713486466817217111711725712
0.093312888745904158652017855997017 0.030984730847555335296789321688727
0.09810469554700501284215244894843 0.035034125320016749882717438483356
0.103072596168975424598984090098381 0.039512270853975437021141753668369
0.108216233014824161149924034283062 0.044447589798849083611483110054749
0.113535086892096419243994006449239 0.049868355351108512358359057056062
0.119028497545534368287471639135649 0.055802494327359354515328550420508
0.124695682096628522083185171344172 0.062277393013068050394991124551104
0.130535751285657839602877723068375 0.06931970857854533099234520263983
0.136547723486348947050892965377558 0.076955188254996440642065926759947
0.142730536523551909433941733775851 0.085208498140032582064444589941149
0.149083057371294803031341352846558 0.09410306316795909975903287177422
0.155604089843664720802513646636412 0.103660919447589587481513439076804
0.162292380415708199839734414038233 0.113902579849288781533601105802314
0.169146622327670101810937176910122 0.124846913421545456319635876261008
0.17616545813484997464225237856258 0.13651103894133869424968302852477
0.183347480868741442206858454187754 0.148910232656211540132611833460666
0.1906912339741333823668820010919 0.162057850061544658921754438705557
0.198195210182606741977206212755659 0.17596526137498581794365292986084
0.20585784947635150807411952922701 0.19064180022126579385866180579402
0.213677536288132679048907190806072 0.20609472492336388870139464763796
0.22165259607420672422896962669327 0.22232919170838586493307394419437
0.22978129138747888009621884063324 0.23934823907610544639168365141348
0.238061817568548835092021907298669 0.25715278254211446616271572554609
0.24649229816277092723694380169349 0.27574161895292645123580872423912
0.255070780162245566213305159393055 0.29511143957414480132542431140224
0.263795229162841237255730045653168 0.3152568511718240473836207909549
0.27266352451803214628478359200435 0.33617040433853994970680495768702
0.281673454563534564307354964969191 0.35784262835669176596191181646981
0.290822711979388316109547879626625 0.38026207193933515249387075349747
0.300108889349389527486528671967474 0.40341534924162545804889494433523
0.30952947497141653553778794155541 0.42728719059094368119563832788797
0.319081848966273966893487029446159 0.45186049743951308538437152564485
0.328763279727287107123097738590723 0.47711640109869342729842197043607
0.338570920747618858396187378369116 0.50303432486652369845013680201403
0.348501807857563337839417577318346 0.52959204921008199138149498439302
0.358552856899491687100380476523756 0.55676577970964412104566986152762
0.368720861863862095341921405876854 0.58453021751260205245890495690248
0.379002493505626233690038297554388 0.61285863208086728904042058654509
0.389394298456520954228939528256724 0.64172293604602047288965607039899
0.3998926988450186949079360149713 0.67109376201142818337765798740342
0.41049399243219090482000132945884 0.70094054116022632085427795646194
0.42119435326833724638707478111699 0.7312315835424330285790329694154
0.43198983287198269916917401310623 0.76193415992389164824977796769545
0.44287636192971322863295565678125 0.79301458508452341381010666773178
0.45384975251232576870749997070797 0.82443830245398699645292899954817
0.46490570079986340011150656434945 0.85616996996950396733503838306166
0.4760397903054205401434933851485 0.88817354703453984006649912789734
0.4872474955848693536353296398924 0.92041238244724767975787990646738
0.4985241864173094567090234462522 0.95284930315697207910908460833169
0.50986513243855962861536553289051 0.98544670369335366655440173691408
0.52126550820790299401396382341643 1.01816663609895539433017486711051
0.53272039868617829791903340984983 1.05097090018115129179134079496739
0.54422480510148602664975376810913 1.08382113388453522814755555275926
0.55577365117697385055453764369828 1.11667890357009040048813127608523
0.56736178969365959659350972828345 1.1495057939738384391900246404833
0.57898400935985894008225256645206 1.1822634976049176383398946264224
0.59063504195761377101796716966308 1.2149139033321052230802583886088
0.60230956973543804568126030856548 1.2474191838979037234367298304173
0.6140022330159628565260292102442 1.279741882092569540335945896173
0.62570763798639371788342501948064 1.3118449953151338749248568419061
0.63742036463921179885895399057168 1.3436920582454982543445367256324
0.64913497483045037370711626865501 1.3752472233524147339764434984916
0.66084602042263514564395517207277 1.4064753389635465851983441328301
0.67254805147971981875151973527916 1.4373420246293127494419088926767
0.68423562448168598449242982170247 1.4678137435202385057762799636266
0.69590331052688593179365058752606 1.4978578716068554079351182500534
0.70754570349084693533273963026274 1.5274427633838201470536966033264
0.71915742811122896708786622853952 1.5565378139154717413568677665835
0.73073314796939964398762386765986 1.5851135169957450602165059039965
0.74226757334031164975846035567861 1.613141519234713475188225961542
0.75375546888361266765904197047252 1.6405946699045413853344659115814
0.76519166115019863227610525709469 1.6674470663989333295750190988505
0.77657104587997758771628566564179 1.6936740951837388036383630453955
0.78788859506808688801573832018408 1.7192524681399805530670113398862
0.79913936377849956773374794115839 1.7441602542254143207054034916599
0.81031849668565019030024565880312 1.7683769064057634720874885251944
0.82142123432638241118959717921145 1.7918832838315524992787845502268
0.83244291904653725437059700848579 1.8146616692627755824607541697423
0.8433790006279715616323662752627 1.836695781766339985684122573057
0.85422504158407813939730502907272 1.8579707847380565657151656507598
0.86497672211321512890815516799304 1.8784732893212754982135970072291
0.87562984470173682106362344665078 1.8981913533194850930737904371219
0.88618033836989660052002109793179 1.9171144757199685276833180786221
0.89662426255558679304569220066277 1.9352335869649546727690203388879
0.90695781063281267735317294363439 1.9525410351265412893803589741605
0.91717731306333247538673596023991 1.9690305681573486964048724515358
0.92727924018169223153779965760447 1.9846973124053049324928886753698
0.93726020461485651021586462628784 1.9995377475906719229159957506176
0.94711696334026655875393132706578 2.013549678462262149636865606298
0.95684641938614401591818309017125 2.026732203350691088622590413642
0.96644562318021366450611118367777 2.0390856798510897475902870059286
0.97591177355366955832972122571169 2.0506116878701171035751873329079
0.98524221840931571746542447111979 2.0613129902827088217163338191034
0.99443445506070491019164153646639 2.0711934914267727844570698402299
1.00348613025659189144423474413639 2.0802581937061150835001929134247
1.01239503989648021665578048850044 2.0885131525123725793902628107603
1.02115912845384628547148828324968 2.095965429737560592279117530461
1.02977648811569105342395736933516 2.1026230460914158572857421526282
1.03824535765339737424778589100459 2.1084949324690100365891507381969
1.04656412103718418588330801077119 2.1135908805882152752278972415874
1.05473130580964568229654673348114 2.1179214931267239988837975467892
1.06274558122781319090202559274874 2.1214981335416277837581426388802
1.0706057561969629728046076198256 2.1243328758278188689036120428462
1.07831077699547962624718318318223 2.1264384543166026135202943057007
1.08585972482549722155174788976977 2.127828213818129728748804758643
1.09325181318398312978833453909671 2.1285160601602635175895956492628
1.10048638508078308943755173979283 2.1285164113565834909992567922307
1.10756291011317001719649101284919 2.1278441495240477324880345391873
1.1144809814113365739508754101976 2.1265145736894532757640345744767
1.12124031247265814721590939183669 2.1245433536331423634898610033312
1.12784073388415212413409374985589 2.1219464848024677876816315850024
1.13428218996992082637041176900588 2.118740244532248251932098086277
1.14056473535178449099652971011291 2.1149411495217482840328350149096
1.14668853145177359327404899536 2.1105659147402830284778726100787
1.1526538429387598685216613770903 2.1056314137750074783233792728632
1.15846103413614159243880166296739 2.1001546407089474339735623349101
1.16411056540757414632503716770716 2.094152673608639442936115123224
1.16960298949784875537811974119868 2.0876426394776242143548642183594
1.17493894789332728671534990034511 2.0806416810007756234657248906411
1.18011916718588564056828559942809 2.0731669249557700568461820888122
1.18514445538120091881254656412098 2.065235451945778944453826845713
1.19001569832060323571624355122428 2.0568642683096445721138751672443
1.19473385604764940215987469613713 2.048070279268271368585206250468
1.19929995925377721346331320656994 2.038870263968030397117299584891
1.20371510574849279268827643847812 2.0292808520802780659988976024395
1.20798045690814081816259515990345 2.0193185016766842527991378199022
1.2120972343440414333664979542735 2.0089994795410793409567842558286
1.21606671641512364122222865208033 1.9983398419615542462225182243047
1.2198902349736403446564899298799 1.9873554179050042690769204294113
1.22356917204234492585614524985616 1.9760617930010098676038446370364
1.22710495662888772576238960443425 1.9644742953010750261757295364489
1.23049906172060537146684850568868 1.9526079829368345774975472907515
1.23375300106420869120267817053372 1.9404776317168548173970035474996
1.23686832625096837334277021457516 1.9280977251205898147734153919408
1.23984662389176624701229076588685 1.9154824455613160008877013452048
1.24268951260308325909349194473058 1.9026456655735990092361624736349
1.24539864097776898358932630706518 1.8896009442871932417878377948798
1.24797568389697158027919394016437 1.8763615169434330651728118102441
1.25042234030822433969952090487519 1.862940291867461452084066334718
1.25274032997917252224971211726121 1.8493498434114913651694975587283
1.25493139478494062250676664871658 1.835602425520597819797818948757
1.25699728979399234266489843308494 1.8217099405427774763959181948522
1.25893979433296760029647085948084 1.8076839961466099752192327609244
1.26076068023952856793579649200757 1.7935357767338315905166545532651
1.26246175165770003909393164505994 1.7792762247739779855641703066242
1.26404481044027979310068768572646 1.7649159008759570534756282298933
1.26551167486879765890273767672509 1.7504650731221691567616512783992
1.26686413961172621340501299537689 1.7359335602355721163166700558101
1.26810405076085054143613740260471 1.7213310524563460281649775280228
1.2692332094303809035517923720327 1.7066667232650540412365665064085
1.27025342688693019077761459185091 1.6919494685532967414983557841092
1.27116650403922670902869613398296 1.6771878334669580325685754863497
1.27197439247512606470108249679375 1.6623906554479266908320824291241
1.27267874541864943729977301011436 1.6475653017389853177061526712378
1.27328143770194930522818621029998 1.6327197341793547350408002919963
1.27378424322361961818624413011937 1.6178612481896229165818444008484
1.27418903908763413236034722056376 1.6029972703509902006345546179898
1.27449760483046256636720748912801 1.5881345976280393927310556952311
1.27471133551523469891163112260222 1.5732783607659425418865045920771
1.27483259473013904663065505887056 1.5584370618853760177014636328278
1.27486284471918498493328481104272 1.5436156193477723921574364031738
1.27480324967051813086118636301725 1.5288177035577436611911451856287
1.27465716467410838104568051877838 1.5140546634613321192020171802243
1.274423889060114076668064441916 1.499323111691680794326852899847
1.27410709037360160290770368952868 1.4846350674519799152715027876712
1.27370789842139687448484726124275 1.4699933151879362930814497881261
1.27322784633250568317414412847578 1.455401922028522892068378954352
1.27266850595827721970663709955741 1.4408649372955194399174194445838
1.27203167508271358688314236038476 1.4263870210088773821518454635968
1.27132110079353135970460501173323 1.4119791546481617560348685992019
1.27053407270738617079129857315515 1.3976305933492760493598001303827
1.26967214360102265840577942026706 1.383344935812666321786273025683
1.26874208191306129273969583453866 1.3691425340852417939051099166374
1.26773950652414946516593308691704 1.3550072170360601662379877411537
1.26667145489445968148003421352668 1.3409596900300115208990882607716
1.26553572492639796351597494077344 1.326990808716486330353466679535
1.2643395157990408569808263118178 1.3131210632903173522000973869697
1.26307064727167991573954726458053 1.2993103571578644591071335610165
1.26174881800686669968635417738363 1.2856175544894682285175668241203
1.26035181471298053082387781979995 1.2719723963095836983416027659014
1.25892898976514275286455560599898 1.2585218958860618536979016027325
1.25741018899896477423556412740434 1.2450525089358426810518310270255
1.25584909282281762043711771074817 1.2317231001505880127399388507113
1.2542243588941927639806876740166 1.2184679116174802397446750261811
1.25255287887860079817080217245154 1.2053340259999258173370469815763
1.25082860157057398851591258964205 1.1923011430237361887017431405764
1.24905280227427708737843713533595 1.1793704652404171599263250505828
1.24722673577015876821993185538241 1.1665430849820950789602009383014
1.24535163677462376201473616823869 1.1538199899764242831730634410775
1.24342871938249132602102531802077 1.1412020659320984680874038052812
1.24145917871923948741836217586043 1.1286901050891656027163679449859
1.23944418858780343219373030885467 1.1162848035472346784565555793024
1.23738490427104502976287316424057 1.1039867726166306889777515496877
1.23528246074187105844102162723695 1.0917965374328410624879969368368
1.23313797365749812270253204732666 1.0797145430276881352372489364151
1.23095253882733690191520099401782 1.067741156157120534767653741042
1.22872723364960227532540415334186 1.0558766721649425973319087895561
1.22646311567631435131592431248737 1.0441213141911603406978171750999
1.22416122474209684422354268211362 1.0324752414972357879749399576107
1.22182258167866780047152064047147 1.0209385488261291756964179299391
1.21944818455716894377850186830544 1.0095112597075181089387306195165
1.2170390216680991098446906755972 0.9981933613691745462804797927642
1.21459605719085304572854243280174 0.9869847711942530332894194600599
1.21212023840360859503198071745034 0.9758853570846270973195689452159
1.20961249497714795797264687198567 0.9648949378140110463613177701021
1.2070737378423696935475450902602 0.9540132823889490033758841368285
1.20450486244983954920906340115948 0.9432401198018155859384575092445
1.20190675084215596694089243223018 0.9325751455237482069300511231679
1.19928026261848667869879850335637 0.922018002052103524447496715529
1.19662624334209812107309023538051 0.9115683004124774588778152377006
1.19394552420133012597456291025026 0.9012256207221013244785102524246
1.19123890987994826345951817213831 0.8909894862897685734478314948514
1.18850719219112619291830620671107 0.8808593964371192069261850311241
1.18575117344894131347641740161067 0.8708348790363161747425938217398
1.18297159941091838259130171408679 0.8609153427764230292318392446568
1.18016923330489047421500991191082 0.8511002426565491363708995474811
1.17734479302710897965287090602302 0.8413889432647062897698542057294
1.17449901437667760950855943616695 0.8317808571855216850672972844354
1.17163261373203450808005292215003 0.822275364291581128384099944859
1.16874624903604144192112123583732 0.8128717318102933191315238785546
1.16584062472893273590894344951351 0.803569336380091978375388138053
1.16291639879553855771928296756654 0.7943674687537157731479089355725
1.15997421893816114978916092157407 0.7852654111223971228241004845657
1.15701469797503746929579022435694 0.7762623880524009357483171755885
1.15403852303556347486890532536866 0.7673577869526887780368940612362
1.15104625094479328222750944525698 0.7585507464023223393308242592331
1.14803849157097434514218472931681 0.7498405264785708005922387548921
1.14501583271273050907631867956894 0.7412263576541648008953737624761
1.14197883764418715416031369873512 0.7327074374692294274251485625107
1.13892809842407177601455585319824 0.7242830337954008028616455054732
1.13586411530489615233679778938679 0.715952253822718547452094887028
1.13278749871928683968551048476819 0.7077144298025059995463651258483
1.12969868430044612471686650108196 0.6995685798959543539321167970572
1.12659827903970915712478639787239 0.6915140594456990712471219971141
1.12348668692596273684138915028144 0.6835498631104923673988176026449
1.12036448746719124382981937866047 0.6756753255431145243053403462155
1.11723217067978526233146063755063 0.6678896314923414353350725462303
1.11409010440896906379571338145379 0.6601917642996578458299544504782
1.11093889533159388959520849113284 0.6525811509976372122594252625093
1.10777883485571589944015829144447 0.645056675297954446662379180576
1.10461045550570019205560244992374 0.6376176647009923512513066171804
1.10143410095204019850232749619634 0.630263133443937859769016732383
1.09825047276449697699937553669013 0.6229927265910550049023070815612
1.09505969219572666384248760092209 0.6158051101674781111220065599554
1.09186225684174246062824049696673 0.6086996133177017614100478908228
1.08865868299711606434650755708901 0.6016756071737106785349537034264
1.08544910936299830487315809858227 0.5947318517108175016465746048539
1.08223399299299161475658660418391 0.5878676561945767281459593841283
1.07901388725356331827631391525962 0.5810824972745179108859360191094
1.07578884619573994558658964406032 0.5743750578526657230910345469673
1.07255917530419550403263812443438 0.5677444532669021037974173096152
1.06932581203839535585953024668784 0.5611908123975475120432654195712
1.06608875406437183181598733032988 0.5547127810986060210715909773839
1.06284791750427671393453587764196 0.5483089133277837787049338883819
1.05960463019000452802272301287594 0.5419799669216810393893199059276
1.05635793922291479554467206133398 0.5357231926522123252898421813014
1.05310932110036670857595599908484 0.5295395876407757063037681076966
1.04985800269627217883229018327472 0.5234267393728852479905712925708
1.0466050616870069048497304053748 0.5173850502905336908441327241921
1.04335060273903695306037246668924 0.5114134674821533869902498079936
1.04009482661138940985371702000562 0.5055111024439209204644851722796
1.03683802744235764582895475178029 0.4996772205565169382743832576298
1.03358047117404518791113057595494 0.4939110605532808014102122451676
1.03032242516609796611592008170211 0.4882118778891943413095427100224
1.02706414038480575511110881161993 0.4825789191022689889673928618368
1.02380585635032922642121257329884 0.4770114292655237510874740763919
1.02054783581587893026489205740912 0.4715087002863142727613848754904
1.01729029758457075846032458148305 0.4660699767817034923326929800508
1.01403348463801763798616926165163 0.4606945510612190512544561631936
1.01077762460097085071193176736674 0.45538170788179079167282146898352
1.00752292693097802892211612403214 0.45013072115150739167337453225936
1.00426961138172006852623904125876 0.4449408923761760486742849213175
1.00101789220813803373307896051023 0.43981152886474259597022851836592
0.99776796381814943610497591747912 0.43474192489181746705522457147948
0.99452003621846063868613980389971 0.42973140834502742160146256100809
0.9912743021608540483718884063694 0.42477929726573879822064486857194
0.98803095041436564298570802061065 0.41988491732936697657667010086588
0.98479017637356494496326324969472 0.41504761510308210680132152406595
0.98155214310451081805735528673815 0.41026670849627923915310539847901
0.9783170406675912407297014600443 0.4055415618651037080349656918176
0.97508503933592054532667464782047 0.40087152657016937207357400090502
0.97185630219733097640127673424867 0.39625595707049981426932339606774
0.96863099214998534014611383918581 0.39169421943766070572755660636408
0.96540927730874702450231762092132 0.38718569753949932133741068642767
0.96219128823680533854557472891518 0.38272974142615303540639206915589
0.95897721613349352794250540923187 0.3783257850676275953176860677057
0.95576718074025901807997879501551 0.3739731880281682371368152265519
0.95256132699512877812840382659307 0.36967135115764896902818037321293
0.94935979788932709098181831606541 0.36541968372798669121411098584544
0.94616275324900914095770564768049 0.36121762474512618306103228512206
0.94297029214517852167290050763263 0.35706455373885316812512678752776
0.93978256121357860862252957057518 0.35295991535882561848667605660304
0.93659967778868275439163241036421 0.34890313098782629683514426870142
0.9334217673307606444658326629656 0.34489364130362119641834645368676
0.93024894947774961088131116436966 0.34093089030517427307234301568771
0.92708134515159121954090316535176 0.33701433306434100208964024308797
0.92391907725706305739228559351809 0.33314343617013007033590145084274
0.92076223643545710528879153092642 0.3293176406500650342733262359199
0.91761092338233779985575375248914 0.3255364081709461930148873529153
0.91446525776955451133970568494645 0.32179922976961200147595534228769
0.91132534184423630220373922643564 0.31810558668540717613512545185653
0.90819122170614707349600747483775 0.31445491065433272744721858062015
0.90506313004136649975518897388386 0.31084683613566416993035953547346
0.90194100982484258985769890111715 0.30728070550513074095359321642147
0.89882500754433736524374755140821 0.30375608089919233728131120509657
0.89571524095447657891105525435962 0.30027250203127059625029099205653
0.89261174342744974016352734281637 0.29682943166672092836261175095886
0.88951466659503542790429633970749 0.29342645935402872556808957635304
0.8864240440560608355973825372999 0.2900630645313061835828362106315
0.88333990112262994710969105785865 0.28673872789114683609234382261726
0.88026244061905448101732868171974 0.28345311096479370712590152672461
0.87719161418112198685115306085629 0.28020563821471990139682794197327
0.87412752620921866632833971539228 0.27699589056941980201915082179372
0.87107032097260375218834364732192 0.27382349289493727092866001309893
0.86801997871168413198984576297426 0.2706879215859080921197948303334
0.86497657390792361487765405587751 0.26758875025127895839958293372396
0.86194017063668817635391994133072 0.26452554965604875408437414500799
0.85891088278638019788530559541236 0.26149794294297596987799880414841
0.8558887438692811240993188236579 0.25850548569637305888516348624241
0.85287373884241337149486656891873 0.25554769731224861987743063820949
0.84986606268672099156278649538491 0.2526242931470575432517074443292
0.84686559347359017130654304104913 0.24973471072036883700181161820772
0.8438725986898611928316773369292 0.24687874068151064220351871359777
0.84088695419965847777594010127912 0.24405583295629317277860293763369
0.83790867680790799755997867472537 0.24126557026857049260326172515527
0.83493799679975096816053251883496 0.23850772524152336059873833635323
0.83197477943401974803676313886007 0.235781761159770471785406213219
0.82901914170245486409763746060934 0.23308736442816373281716880626985
0.82607116695240324405439721833904 0.23042419714009398183285483917033
0.8231308937564241894641399540529 0.22779188885928756144105404975112
0.8201984285426957016657551887222 0.22519013075084332179983768697545
0.81727357942501763924659327160652 0.22261837402680007546437968920101
0.81435633287745316458942597048493 0.22007622591964104037130899170434
0.8114470350426311255753635464131 0.2175635895797937545779421002356
0.80854567605024602232665636540729 0.21508008141813249122559062338121
0.80565191210086652462541370585354 0.21262505981289170784090564550271
0.80276634187851097427576059950013 0.21019863801967363259134909233424
0.79988846247224105556338844715823 0.20780006171838159449512498190218
0.79701870030829551440306958896575 0.20542931329719823779392506648869
0.79415701609555163781499371947315 0.20308601303196969842599811573486
0.79130333533624638460652542729181 0.20076976088022704828164292129963
0.78845757958771587708607938793393 0.19848016100323661464979174425769
0.7856197275455242996389099035911 0.19621686750042083636771759218928
0.78279017565218509169732413698292 0.1939798506672054329075761131504
0.77996850686922702358432469090724 0.19176847657441279674924198858328
0.77715504951368169788435254332854 0.1895826714235930181130538212104
0.7743497339073571121006543133129 0.187422069724964249543121861049
0.77155277765415964414211567222925 0.18528651934409577038716287815578
0.76876372937616986275670735183134 0.18317538973710231959138914897891
0.76598289170936244133491106866686 0.1810885998599221200572792337733
0.76321053613980899106354191285393 0.17902604448461287366254042291683
0.76044615760049874466861987731692 0.17698707464504335667403999474782
0.75768995056323733442330462560078 0.17497154140580769220183751121462
0.75494195553141249907741551120564 0.17297918998596317227607663632224
0.75220240798625933453449037064784 0.17100990187555782003257250326013
0.74947078265975460947854300642999 0.16906304282867627626963405927953
0.74674790412656099918294567164358 0.16713890009775236178540921426594
0.74403270291346860347794198881828 0.16523648566483417847294290210639
0.74132616216154592931579619942373 0.16335619456701311781921398926216
0.73862797399323377812522640140813 0.16149755846193289227287438441031
0.73593786330483541672801766215512 0.15966014042388033792819164956653
0.73325613867387894112831252313686 0.15784388968708082433952052620733
0.73058292505780536459211879899213 0.15604863516883850887330340610458
0.72791770885388592163010943409902 0.1542738008320351794278745300185
0.72526089917407633003099171476208 0.15251940639175625836888282724795
0.72261218827604031875220000359186 0.15078501812352488099585205883842
0.71997231732112881120247960881811 0.14907086314437887730524495229644
0.71734013220215180530860058318561 0.14737598938939523417538145761886
0.71471683065518864064126507823666 0.14570090846257573067414535500572
0.71210159023154190416635554010046 0.14404488636254671403633105290158
0.70949471670048266489271255269281 0.14240788709854750534123202509551
0.70689604855130150033312323115126 0.1407895927587247366345757566579
0.70430568305023241890968090955442 0.13918984482281616556177318115746
0.70172371443351879173982048946251 0.13760848410155079438774565750679
0.69915003269581153234074516447243 0.13604523333022777363503113984098
0.69658463022552104324703266150319 0.134499879373078503108004273547
0.69402748838148336644775169718126 0.13297220565092690571349834933074
0.69147851810505443565651710767181 0.13146195846222897162632372301177
0.68893812930902145717878910910905 0.12996917072518062592400867699227
0.68640572407565230821901058076274 0.12849330480887320717313788493949
0.68388176028619825935192774030015 0.1270344244251820746511007162912
0.68136596726634733640359621007927 0.12559218501724459375233711277721
0.67885840912455768344805330930064 0.12416643285463893202105668446115
0.67635923929297121322020393347958 0.12275706417755049780690869229485
0.6738685596132314036007041812861 0.1213639471701107624010034582039
0.67138581222947108794866878150852 0.1199865970103907388105378272688
0.66891117480948880926138037926611 0.11862493175185773607201154561258
0.66644502368206552279452299885854 0.11727897363142408213984963948404
0.66398693345519669794785615807894 0.11594832098694892135464999106395
0.66153683950466527183282516884852 0.11463276879551996139254570181225
0.65909506733156926874138555285309 0.11333231644120293468516472615574
0.65666174879018327013703517878362 0.11204686110344041114311841304373
0.65423629100193128244469414190253 0.1107759318589709084729958867128
0.65181916345091993273779700584535 0.10951960462756847308999616749809
0.64941002896200548777804012997761 0.1082775465318088900243001180412
0.64700927523463026686626761934767 0.10704979167723055786266790847433
0.64461618868002787003654765927958 0.10583582773938269149523621759837
0.64223184997168683376545543409606 0.10463603212240399470241581766472
0.63985514983152850960374237039084 0.10344970564024132709731591356489
0.63748668859669588019126366045138 0.10227699042082014041434729332775
0.63512592006037815745291293846478 0.10111747385346752399267559969823
0.63277382560295603905562252024581 0.0999714771605626449049759786201
0.630429151777434662533669618417 0.09883825788350859460969141148164
0.62809278508166186518724727643637 0.09771809224326598716617182900065
0.62576445951459046917481792840524 0.09661071158843391439008143857828
0.62344417300563250346896064221411 0.09551597406471624371721033616366
0.62113170213033274451403385392553 0.09443363853424226760629039446816
0.61882775635731439635611199833778 0.09336389084213702432522537441386
0.61653092035229598363376827861181 0.09230595420739648083081637013501
0.61424335637178477799132706328317 0.09126066755279334361120442441651
0.61196255220244967547361505272185 0.09022677414969236079585157332389
0.60969008040192130419233603545825 0.08920484591184196495751547413139
0.60742428138425356572023560715133 0.0881940271000668565048836455625
0.60516734131291628724461913511126 0.08719514793563291556613687137395
0.60291909523977846818584407289802 0.08620800250729249289716565659526
0.60067720473734521721916273876322 0.08523146343664893800324890100496
0.5984442169861940735286592144705 0.08426649908196800785879301993471
0.59621788269826410876785090325625 0.08331203540153609617701200113311
0.59400080655240139078551457347936 0.08236904792206408784759976270481
0.59178994571090736523593878633159 0.0814361487932257738610583494587
0.58958882482661041234605525564149 0.08051468059981088300309123376519
0.5873925363149505909837720630316 0.07960251475135674904729495048641
0.58520596273476327467377788834209 0.07870153497065609549389368468776
0.5830277837190150524744600024449 0.07781108220345895471692678107735
0.58085580431073108520682643748438 0.07693016753229225925903426274641
0.5786915584057608637005478365187 0.07605930022388501060939855408037
0.57653510500646710842297657874184 0.07519839497107877350596323476836
0.57438650188928129223528360279977 0.07434736647037149655061483845955
0.57224541362935128750830434849651 0.07350597838832034335769887134209
0.57011296529346619646648886260052 0.07267455802046453690297385465747
0.56798735967352310542124129442062 0.07185231163458638936478737294696
0.56586875554297804906893449991319 0.07103920417622976309538335374617
0.56375840771946273429150990104674 0.07023560940841801202617941652108
0.56165447952138926682753298208721 0.06944074114762372367850996373262
0.5595593306496529635806930065167 0.0686553797266679625570140945054
0.55747099836535482503939197208447 0.06787870101281711589370329905453
0.55538920599864649333811294129941 0.06711051509181565958480026572541
0.55331370010777586037581776236548 0.06635064438213502351432620447802
0.55125044480416205106615191724684 0.06560113467731597121380047559287
0.54918992001327122922697142292662 0.0648584818524190769107079744622
0.54713855836196694548131866753476 0.06412489494537676212472211269962
0.54509431866906292458312575043637 0.06339955781673563183212985230359
0.54305962270282676605257775910873 0.06268322255584443721594998113135
0.54102943076409787644460822286131 0.06197405255232761603019628085541
0.539007595985346242631403588776 0.06127329777201747246114123288812
0.53699348054768032970516693600848 0.06058064886434768209298920566096
0.53498394660182616964858045309356 0.05989496435843560917243226615927
0.53298549781901133741018881336588 0.05921834943569506353256418153575
0.53098970913430564262706379241402 0.05854790571131811715288371639612
0.52900433796908777411914992030632 0.05788613306586695450878615933499
0.52702669649882060186864297273684 0.0572320514536507916378448963901
0.52505402013499917039013714340073 0.05658468379498979292353090373283
0.52308913568526471905238692528697 0.05594487504452201696918522225552
0.52113170973374085322438982297962 0.05531243688856525802427370841375
0.51918110524880039690366390691049 0.0546870891528855330311129136333
0.51723797280687275714605157302327 0.05406896238163798408585222594195
0.51530263683475357929997354395625 0.05345808015266439262373642478936
0.51337239482275012967213846884739 0.05285352886938377525858128428886
0.51144981434198877312220314788639 0.05225603646234815142870992280177
0.50953570829022200554038766130889 0.05166577374000578588890446160972
0.50762730527402608174042069157926 0.0510818227538240497340576527888
0.50572496741339952622805209125053 0.05050423059066186797640019881707
0.50383040735482475977889384426722 0.0499334431541402267354371108411
0.50194098821490719970971021942715 0.04936860809089313455795267723124
0.50006315144533730372792195230317 0.04881155582557781043154222934203
0.49818782105164709498055750406376 0.04825955053698314727635489712206
0.49632208290303902626532547825746 0.04771459873153368032971232361519
0.49446183941928834005309743529648 0.04717544421143269934234644884986
0.49260675743966099113208823190077 0.04664193654937476688818305675561
0.4907609025498578846447320724288 0.046115168692901341646285988356
0.48892093306144381052459659750054 0.04559412702635126541661211783481
0.48708704626286178289741509555892 0.0450788097011493108853429848859
0.4852603442369530672568621826806 0.04456946303787895360414097043767
0.483440421197736063557579163938 0.044065912359985132323081431011044
0.4816271860447633613613177144569 0.04356807238930356850628989606302
0.47982062050042447830102245055918 0.043075878800716234447365346682626
0.47802051101071700205718039377955 0.042589215800091793983676745891512
0.47622766624812535841760658732132 0.042108241047780483151589204327438
0.47444035203898175834166455930161 0.041632436839891910494978966387297
0.47265913237946270319698210119352 0.041161900330085825661351179946947
0.47088622583517644429137592928765 0.04069715365129768079446518501391
0.46911895569312360258821133078188 0.040237442373681305272689428370629
0.46735818422796639900861114868527 0.039782937360507889790579010355753
0.4656043702153954182874875159162 0.039333700989607975432817244452409
0.46385573711308101858781932419928 0.038889230411453423337071024545884
0.46211502398826677352097347423272 0.038450164014213094819262576776221
0.46037945722320434836510563940631 0.038015754249292634679709544523168
0.45865080507084668470406333009298 0.03758639160986095373283236341428
0.45692862470266366792337570549788 0.037161914328324738697499391251722
0.45521315414301615076035624887193 0.036742329297826418604747962089393
0.45350295014849810238813701217794 0.036327238123160540916378753500055
0.45179958635323565803638635551023 0.035916972908855490716428967669744
0.45010254050763697452455779503543 0.035511358704130654822081967380559
0.44841213778720855906108264357224 0.035110423858087650933913332008774
0.44672724567010889613917213934166 0.034713855041507105125174837412428
0.44504886100372342657137540513874 0.034321840035031355800339312180367
0.44337662976103770800808838785525 0.033934249849579428915790813158719
0.44171071478853538176339917866978 0.033551076191819411424079696669563
0.44005089752235017255242977879774 0.033172223814164235122915718932482
0.43839735590841505668249557936137 0.032797688388411441287386645270878
0.43675005930401535886616752585338 0.032427418328547683185434837577694
0.43510877501471846212680312585772 0.032061318011413290807659691258068
0.43347275644094852245391229892433 0.031699181041177642534166667560547
0.43184333706840904019627748101437 0.031341259259729238680410006891765
0.43022002990592998046713970785596 0.030987402692267164628010881253827
0.42860324221804270689912850854534 0.030637656747862485030881179780031
0.42699190110079543620498281123388 0.030291749566535720528040843326566
0.42538591033211198665883412356758 0.029949622902028699937701834705271
0.42378725491378359512276574633732 0.029611655725749588433078225848855
0.42219367452990600947621235245762 0.02927733157174810498441561784025
0.42060544809561388642112418184103 0.028946672916501375651891626423692
0.41902423167097011037439885809802 0.028619982977524275792751635399346
0.41744788290280929673609371206767 0.028296782602061807840799270296456
0.41587845654584081255104112247121 0.027977453293357487422548884793025
0.4143137279266728754491120861188 0.027661507152907793330735388422789
0.41275579478968917212461874430854 0.027349329380485145873794395126465
0.41120334443956436088348078303223 0.027040620025832988131418699939453
0.40965605289063502618480814454886 0.026735280944353942196407895325245
0.40811492905927915455786420240575 0.026433475212606004458466665483425
0.4065801218133098353828585040704 0.02613519441454024421914114960306
0.40505059413336995342419148680483 0.025840202655853280038699512295287
0.40352603133506532870267574063799 0.025548407594989876347832290052226
0.40200775499626444529447145116802 0.025260027423933520602304650175653
0.40049528697487918153625350174064 0.024974936377558967581792417486103
0.39898872144210421753233127368201 0.024693117999229042392187578842417
0.39748666976944467951919333030725 0.024414282387538192994686256845463
0.39599153415650632376263550494124 0.024138840928840268224723893367554
0.39450063249830770116719966285667 0.023866269200497088294868270138188
0.39301593384071697268657595670296 0.023596895632728689721403428421119
0.3915367644747384388502809098158 0.023330565722567623907145273518507
0.39006310428209788007770140934796 0.023067244883557364407968491674531
0.38859493365763173607350996938528 0.022806899007223889537832560949271
0.38713223215957473163559686955385 0.02254949421947973099173919771543
0.385674982444302952618192783588 0.022294997564294310071968500438268
0.3842231643117349914873546914633 0.022043375954285596076899191021104
0.38277675847465852684915216855913 0.02179459682923096440079612674832
0.38133574597881969604875668608987 0.021548628047739293454458644051689
0.37990010722416544491606214125301 0.021305437716445117819913928663059
0.37846982442157406226224974772307 0.02106499460040723323490580872083
0.37704487726145676589104880102585 0.020827267389983741997723770893981
0.37562524703998724181151029925206 0.020592225391490672613507938683586
0.37421091489959642686848727393292 0.020359838226132692868023473278809
0.37280186179501155999496761159479 0.020130075821734944731502315001371
0.37139806912365444333094273134941 0.019902908511544732883478470166525
0.36999951766343237947333782229158 0.019678306858406880744496750705423
0.36860619000905346559016350367217 0.019456242040699450890306694651974
0.36721806573565679443801465604955 0.019236685077828137982475732252826
0.36583512732403647555953413745874 0.019019607768886190651536176059827
0.36445735567778706709379461257826 0.018804981978024770637198832265294
0.36308473255109176845563408421002 0.018592780013306248497996963274596
0.36171723937494812962521110432783 0.018382974439390994114241639124144
0.36035485777774171599115726596284 0.018175538154851280156549609197623
0.35899756950520372471414606022142 0.017970444375726165388871485550763
0.35764535567720477504583363015458 0.017767666520837020599531856274875
0.35629819904939611539330462050547 0.017567178546635115509831161535198
0.35495607990809366065841854696918 0.017368954332232012578414854767797
0.3536189813115288019282041955895 0.017172968453625306281861873954266
0.35228688530283176818371960295679 0.016979195617679054226133316846353
0.35095977355752915431353626948967 0.016787610757623140659120551496574
0.34963762664996035752353986437441 0.016598188927563434280134351166303
0.34832042835359898201436988962183 0.016410905913218960128325272629225
0.34700816035796463166868415833728 0.016225737470711131769038497897095
0.34570080449975245752428414222895 0.016042659645444163961251722693626
0.34439834317174327781878387433726 0.015861648824922525929854443249997
0.34310075819040683528394034317102 0.015682681577717586285276000025161
0.34180803343597192799100534548653 0.015505735012953939679512823437019
0.34052014948049242678924048606799 0.015330786041358476863347943812782
0.33923708942037073495728229912746 0.015157812171332031867580330959526
0.33795883595000570674942510785144 0.014986791104044764109267367204002
0.33668537054983503302234086710117 0.01481770062563828337400192573689
0.33541667739563316719816120424984 0.014650519122915523776456121681556
0.33415273873007365558817290894632 0.014485224965428054166441214072656
0.33289353599102212785820868641439 0.014321796658135170006042582045582
0.33163905339922476172015997901329 0.014160213302316666894158892775755
0.33038927256582122921496524162387 0.014000453894002301486714286323862
0.32914417667881936327128738171614 0.013842497862319720171381737359341
0.32790374985537667914323418230009 0.013686324978358680074465430949517
0.32666797308951769630655871016654 0.013531914844807452750509384002801
0.32543683118742777024241705955251 0.013379247763659619207269357282205
0.32421030588762260919133453275887 0.013228303873864508553896797532145
0.32298838080644780376595256208 0.013079063764076773575662674295542
0.32177103858721385074736121327193 0.012931508117947298419013352365894
0.3205582640095221291613804466971 0.012785618088364688883152451654872
0.31935003847285767008602244464568 0.012641374630442369960855608316848
0.31814634674973228161522745536062 0.012498759310461529356373755298018
0.31694717121224841264409902130961 0.012357753613247747879781478572796
0.31575249578484041518308110402458 0.012218339409560919953630522825485
0.31456230384247147901755916579655 0.012080498704942769120653857287599
0.31337657871043097365939991277628 0.011944213697175003536475140081676
0.31219530479343277640748437901937 0.011809466902534431642980808882642
0.31101846510335320869717100968258 0.011676240870662067161620414707388
0.30984604267080805984175349820785 0.011544518346275465466606334586526
0.30867802275279513590026512828572 0.011414282511942304866425933269027
0.30751438817787810931071272788997 0.011285516464257837119236953356146
0.30635512295185694584871619890657 0.011158203616038832020538053050244
0.30520021109328606624163112286263 0.011032327563196124498239099545584
0.30404963653875415669122643788177 0.010907872072580333519553756620775
0.3029033831613905217674937055191 0.010784821082407623011330906791498
0.30176143558753282317673777332432 0.010663158787215715845373658471765
0.3006237773645576422201769412704 0.010542869440239381496342194348784
0.29949039298794338566812074118569 0.010423937567554703876117917342844
0.29836126626080798795626399870154 0.010306347792509860586944019742479
0.29723638204087810075107177747451 0.010190085016340905766483323778722
0.29611572448147726839591541376265 0.010075134232748070037747053582013
0.29499927747481513214852215153487 0.00996148057380957551466282091193
0.2938870263157226811866053633048 0.009849109476518674828652142624627
0.29277895476177998673490339644554 0.009738006382398344366874908342999
0.29167504780665429863256538574904 0.009628157016292506027769650369203
0.29057529003403041461316972693206 0.009519547218275174358837779926501
0.28947966562105655374123801068041 0.009412162943890510887396281023134
0.28838815972831802760655883293031 0.009305990398586805117245616596623
0.28730075744494917470249554489815 0.009201015931151925777202501594829
0.28621744268509187978223290883869 0.009097225927190099400298630966373
0.28513820086515649460005751317243 0.00899460706516100809854304373041
0.28406301697882166753809882827664 0.008893146128633430196357306168559
0.28299187576796406660232707988964 0.008792830022217421925910029090084
0.2819247621897209453680741846853 0.008693645814154740951151696673549
0.28086166144559112560605681055953 0.008595580736740281404922551842702
0.27980255865809019750071640896545 0.008498622154535017891180323024649
0.27874743895395363829879493721096 0.008402757570717473105541463880557
0.27769628760121090409756914586005 0.008307974637933328955971912351434
0.27664908985598785784339506872348 0.008214261142748197371138853661659
0.27560583115678469662155469848252 0.008121605021462352066219178528786
0.27456649659434545880927096889029 0.008029994311601771147984908460308
0.27353107157528341987908121847121 0.007939417209490531948412866257379
0.27249954204591881825359573654698 0.007849862087187407201940181382301
0.27147189311933437667201007788922 0.007761317371633011753493401196483
0.27044811033835914215098582776577 0.007673771653553245359098115326407
0.26942817956038283604763388425579 0.007587213675019070885202623525218
0.26841208645825877370118996392056 0.00750163228530787395726282526507
0.26739981664789840593338166393661 0.007417016450833839099757422241764
0.26639135586613391698477771692574 0.007333355268756417745554659539866
0.26538669011573860560280668624411 0.007250637977237264160641408646356
0.26438580508107055994735971668074 0.007168853905847029764717533743455
0.26338868680009482349194533539303 0.007087992529587274957006319606074
0.26239532124148042529777676664555 0.007008043432716410056302742893917
0.26140569436942470263771668172832 0.006928996312928350969152494116205
0.2604197924074897110593371478785 0.006850841001012770830884878369824
0.25943760122741692096859300425439 0.006773567411044515369691281933831
0.25845910719592320105311160296329 0.006697165606107836133681729158419
0.25748429657471212136898296020535 0.006621625749410484954783047099185
0.25651315547367543157749947911718 0.00654693809989105587978385904412
0.2555456702846187986541621111173 0.006473093044510217858162225351018
0.25458182721870756960201543125354 0.006400081061453328340543669368334
0.25362161296950255097066145546561 0.006327892769192849161817171210272
0.25266501393014472366063316636281 0.006256518865897617532244934743145
0.25171201643044806805158593836528 0.006185950146706327662419062974813
0.25076260720681093818680979340925 0.006116177537238302470822477360137
0.2498167728514977748717360152445 0.006047192051439452077866800121119
0.24887449991034595140432864558473 0.005978984798000155846254652407395
0.24793577518660748680751598220233 0.00591154700120845256605073615069
0.24700058544168344957102980401118 0.005844869978004671949564471272145
0.24606891746476450633979639341547 0.005778945142018976633298552577219
0.2451407581668099714933050869284 0.005713764009093164869341846601796
0.2442160940320438877594648350098 0.005649318157930814684334555100809
0.24329491239139476121623039739604 0.005585599317970472985999798727302
0.24237720031557345127780141113256 0.005522599290564583256845912896326
0.24146294459276020665546758627485 0.005460309947222094798323424440131
0.24055213233199139289030592011839 0.005398723270038043292014558144841
0.23964475075525444396125627756555 0.005337831336067594727084932008305
0.2387407868789986020618063654342 0.005277626295022699515404404812152
0.23784022823801493673899224515321 0.00521810041654558679831200632405
0.23694306077275187766883679115503 0.005159245950030280949940520922735
0.23604927090778700387533256995166 0.005101055262441862764768588040641
0.23515885157519708469586987704878 0.005043521223778047818911209629156
0.23427178992916896774866746962656 0.004986636405907028202589685522027
0.23338806614809903752448541672958 0.004930393019914081362172184859957
0.23250766755170631136063290088717 0.00487478381986225136225084588426
0.23163059440025516928859646875574 0.004819802446801522133927192018031
0.23075681673962957802698105438602 0.00476544072389607633947097955903
0.22988633736224868825115681941305 0.004711692597892523361767722808618
0.22901913432116114431886869553505 0.004658550553834546635335994657116
0.22815520542832653059743856937961 0.004606008366689787680061607851606
0.22729452200674067666527653794609 0.00455405827529927953037823658005
0.22643708984527345314881120709866 0.004502694678199746100679978917927
0.22558288517597926224526414289059 0.004451910264356166277444229681404
0.22473189814568054913553482992008 0.0044016986333132049651548120925354
0.22388411971337598940688849501735 0.0043520534991617840415190125256453
0.22303953085192284635266113710899 0.0043029680631259422098240768572826
0.22219813315511640383490150651141 0.0042544367928193324276173316530375
0.22135990162966981534080830715654 0.0042064526854285485485525120392641
0.22052482996215153644801062205978 0.0041590098857000049367005798523084
0.21969290235623328758338993166327 0.0041121020635934668471005394904271
0.21886411412472270862639262250442 0.0040657235814162618409151293981869
0.21803844707507334622109922025772 0.0040198681082761586709530403360043
0.21721589710520108836401404396325 0.003974530162585861122083554931863
0.21639643799662289254639274019109 0.0039297031095350683875259975786838
0.21558007160706984182062926900197 0.0038853819199124112512865949596539
0.21476678398476301380739559233677 0.0038415607568483756321241392504532
0.2139565585666555851166271466271 0.0037982337104469401657592303668837
0.21314938441166921643453503014389 0.003755395237490527028545858640751
0.21234526127284817866949264455225 0.003713040415537952400741560198573
0.211544164460819455422793190611 0.0036711630918980819109196319549963
0.21074608760987685791584672234219 0.0036297581410137546932045349054253
0.20995101302875988087953023413422 0.0035888199073603398114161530177627
0.20915894629251277408255144527937 0.003548343987405106771452461898079
0.20836985802221345646023938343966 0.0035083242434571554859061222289821
0.20758374645249900061096282752504 0.0034687560066184608376989226468923
0.20680060071454741739749076593557 0.0034296341967626511654861805468064
0.206020404694107008437906913977 0.0033909535297942599917770261476725
0.20524314951439735536436658241131 0.0033527091385841589722608819349748
0.20446882485038225008405861807241 0.003314896136463254284740323318261
0.20369742296122261496028073576 0.0032775098140318489549655437738382
0.20292891764482944333587177296131 0.0032405446257166791073971378434698
0.20216331760933452187809828440601 0.0032039967602192637174416531840344
0.20140060497641630478325402700855 0.0031678611751666470027943969693207
0.20064076935275101567189337075484 0.0031321332400072275542853932259549
0.19988379466240230062613969252831 0.003096808110074951959338852951634
0.19912967492704263766652969371638 0.0030618814639586732459262731665401
0.19837839834114782912342511880225 0.0030273487562463319686265834452416
0.19762995399974480537711631536449 0.0029932055328795374430370912750106
0.19688433189716979727777661337342 0.0029594474290295265309557524517456
0.19614152083163675705859173038623 0.0029260700732900550195266191969148
0.19540151042306684438601868685176 0.0028930691788493464800303450839003
0.19466429040121048288020066453578 0.002860440510235825611070098118742
0.1939298504039452759614809735103 0.0028281798738388591934077892705599
0.19319817876819386285782393499922 0.0027962830650962202104853015673816
0.19246926650440166680363869570131 0.0027647460414340464750431832724827
0.19174310222154690585494255842559 0.0027335647003835852345358249681192
0.191019676661022746405153249442 0.0027027350754786085168318149797806
0.19029897842283831842431824008309 0.0026722531523278907785805602977798
0.18958099849825830202590211387505 0.0026421150611026129623021933211783
0.18886572520670108846282019250915 0.0026123168622121365611621704201707
0.18815314940788344042948651570033 0.0025828547647209438298920143055745
0.18744326058022702972797014815719 0.0025537249616618295215026639133771
0.18673604886478083940837731251338 0.0025249237146702576998007810989833
0.18603150361521111204661945659602 0.0024964472941681711721665015426922
0.18532961540227820774118976262463 0.002468292060236757009827238721747
0.18463037432733654483827868973089 0.0024404543934846216084688546275545
0.18393376984786210160404847839308 0.0024129306884892448488006391399376
0.18323979234061985736658793155473 0.0023857174154081004019758349886364
0.18254843182841084782007461392024 0.0023588110688592982074317389336809
0.18185967842346487587581919927443 0.0023322081851095869243813725354928
0.18117352301564126325448345459126 0.0023059053678334719499548136708121
0.18048995491503043073096603426711 0.0022798991972756074245955032046006
0.17980896478000867868339471162701 0.0022541863422651007952062999380235
0.17913054284273230023905546355641 0.0022287634916751688593810580803832
0.17845467901931918323475629148597 0.002203627358741225853707458161511
0.17778136494940868745943982660046 0.0021787747561210597140212024343914
0.1771105896299898418590593189102 0.0021542024338194088999459168917239
0.17644234431560752756985453193746 0.0021299072599450742051092895626125
0.17577661947815201934419378763859 0.0021058861079784756643151065408009
0.17511340518315032879218037653473 0.0020821358709214660621049999900333
0.17445269223276398073882326834078 0.0020586535019598458510576361872623
0.17379447106625049848949418004661 0.0020354359744985491364040683735639
0.17313873256911168172469810682692 0.0020124803105237435603969305583263
0.17248546728992730414892808591603 0.0019897835525750711395360436467926
0.17183466546030662237722144022368 0.0019673427645458390912597794155564
0.17118631885843152230555181687045 0.001945155095288212669519195951604
0.17054041741855477646587053237925 0.0019232176615903054572002286773955
0.16989695186239867352234775245385 0.0019015276385792547136758565770889
0.1692559135647903505920119247174 0.0018800822539175586191583633123403
0.16861729296473732819224675974479 0.0018588787341180624996807961784878
0.16798108078893681176090046122154 0.0018379143455723395171582011830893
0.16734726904094926144259439447574 0.001817186426105069556296585924952
0.16671584800095541031174839796651 0.0017966922861016938208293433907888
0.16608680768596134632804749024867 0.0017764292571830038124143543767101
0.16546014015743129494075999967505 0.001756394765702849740684129219954
0.16483583727557726350075843752837 0.0017365862590105887979421417304334
0.16421388857916857185114525935887 0.0017170011389137731870940360208007
0.16359428597614069541075073897844 0.0016976369101765639033412138774015
0.16297702011451236588545215999887 0.0016784910653035789517533858412172
0.16236208317130769543262987077755 0.0016595611712624612846302281330427
0.16174946562579455549896298219982 0.001640844769231563462287434836227
0.16113915849615340756894718556744 0.0016223394438478904895968517229807
0.16053115405000400648511462417455 0.0016040428436099799084517855878408
0.15992544303498722182575780747517 0.0015859525968057098627923304718835
0.15932201577820965411978404835788 0.0015680663454308790287760580484418
0.15872086605722293084397650654213 0.0015503818588227940782786276736095
0.15812198300843067794357611606222 0.0015328967942467762552428109364966
0.15752535950015499513508050644069 0.0015156089434478542199432115135039
0.1569309866606028619647181070444 0.0014985160715472730203583109435383
0.15633885654992229088403465853383 0.0014816159946646954418855870247669
0.15574895844261463735584378784326 0.0014649064737700706952170610170361
0.15516128628952532082521658299248 0.001448385426376134127745649717719
0.15457583165388048412467947779139 0.001432050724999578857547064213792
0.15399258462283378680915256971941 0.0014159002246040442169726405382576
0.1534115381518185742210287630743 0.0013999318828301609515288330700881
0.15283268350537867293670446517655 0.0013841436329078588637748504457375
0.1522560130566630276422289022325 0.0013685334606676457592096895118628
0.1516815169946355529201608663191 0.0013530993150577768823572651044684
0.15110918808271483031215121517832 0.0013378392365234226333086970152944
0.15053901927771925983099434268626 0.0013227512914194663569373181211722
0.14997100070111672449894980861424 0.0013078334923764661226110005012359
0.14940512517720897068312897576689 0.0012930839446913694733729701814959
0.14884138466685856292650058661633 0.0012785007515448834507981199809588
0.14827977006532958327077348759539 0.0012640820094704524906032716542613
0.14772027449175811139516688507862 0.0012498258926665613388567228693912
0.1471628900261616279614254471128 0.0012357305684491306169034283848668
0.14660760746556682110982165900854 0.001221794191952517112588331273416
0.14605442027693627959624412551012 0.0012080150052194723119307189629095
0.14550331950456284167467997199776 0.0011943912090770880325593906371061
0.14495429845770443752027891364619 0.0011809210797744996407393102566763
0.14440734797997415009977173678203 0.0011676028519388204578179291985676
0.14386246145044335254604473090828 0.0011544348410459163199931725594458
0.14331962980151088766993719503919 0.0011414153218774900411839034983554
0.14277884648839670253014150722679 0.001128542648387542402139089460918
0.14224010376073074950469685105256 0.0011158151635021657936864998473276
0.14170339303286136061842381145139 0.0011032312086676524907197402699427
0.14116870704923413781186553321449 0.0010907891745971365527521843807495
0.14063603819974896548310734438488 0.0010784874611599734183247583378768
0.14010537880186376782973466972084 0.0010663244839562719241740426688576
0.13957672215910688774740756908862 0.0010542986981902193492944313903252
0.13905005901844309363433966160387 0.0010424085179783299828962369124927
0.13852538345681204467044508149313 0.0010306524497447273466372079264741
0.13800268665067042565877443678981 0.001019028951209200778735073410602
0.13748196259085801353890945643208 0.0010075365593035359246247683360149
0.13696320307914119675112610273855 0.0009961737784815717115384293642053
0.13644640023447357954467346760308 0.0009849391366468164434009971035269
0.13593154758113497215148136254565 0.0009738312081067055759420644991805
0.13541863683394029328566692916406 0.0009628485436953746898971051486242
0.13490766123632627138085355352659 0.0009519897427455820727743600929707
0.13439861417139654187132139309263 0.0009412534225181896131318380714827
0.13389148632823884678910364579833 0.0009306381588545168748764904092816
0.13338627236484582095181191577725 0.0009201426260353853811706955290988
0.1328829649313239564660344232845 0.0009097654707527274731604603235543
0.13238155534354297219850666229668 0.0008995053272662261620595504083109
0.13188203887859399014777253515396 0.0008893609254097170377241366000461
0.131384405830526378434363086518303 0.0008793309078197140699870700526723
0.130888650801289541622130609294643 0.000869414018730229381428181128614
0.130394766084021923022336868250106 0.0008596089697054344881856763841513
0.129902744765833675177080495314501 0.0008499145021393584693910402868482
0.129412579691555505622772346509673 0.0008403293663338779024992412721275
0.128924264074298825515234406845001 0.0008308523333437767611707269138961
0.128437790548261495158320093235439 0.0008214821763941513375891774664166
0.127953152691171449753592813741322 0.0008122177001586527258215143849623
0.127470343287282929940107452500843 0.0008030577071134934434092537179432
0.126989355365306883412419186252176 0.0007940010174447793788684539665348
0.126510182298753941781815316778129 0.0007850464706092080037157777137668
0.126032816983157118576110085034156 0.0007761929097593301356660966517583
0.125557252818368809025645714401314 0.0007674391999630819488680274279484
0.125083482867337663789086342499254 0.0007587842124159580180275636974608
0.124611500463601738492685790229773 0.000750226835521273915031042147476
0.124141298743560282530119057399517 0.0007417659661958015991895680985145
0.123672871138682561935082713494687 0.0007334005186380390657591291455824
0.123206210890586403107918087107674 0.0007251294154455187948898277665252
0.122741311408944045673119864108086 0.0007169515938944812222487983096343
0.122278165907782426666332254067951 0.0007088659993840942433593428389442
0.121816767771612464872391311152681 0.00070087159176778097004454522509
0.121357110644280642126423082125477 0.0006929673466470263806675429905865
0.120899187733127795930215259764671 0.000685152243258684264551994307429
0.120442992491127523194260024424722 0.0006774252761536846739892656787247
0.119988518548013680379844827645209 0.0006697854537731881601171419658716
0.119535759299876964611687046769568 0.0006622317914050227248737526967693
0.11908470830069478602661518241326 0.00065476331768016088950064993952
0.11863535917770296842589602108602 0.0006473790729797213687078417557737
0.118187705536094615169976386790034 0.000640078107734411576148513107685
0.117741740850650212976048569580354 0.0006328594805852223837379392241642
0.117297458890219805591205271450201 0.0006257222651514811077010475602282
0.116854853079761252326208388150698 0.0006186655396158531140721145765403
0.116413917289654563647259225094843 0.0006116883992714653827388887690514
0.115974645186992285243129279422061 0.0006047899460051057713750184815039
0.115537030481880468308091696005616 0.000597969292142995953457278323367
0.11510106700204464696349817836153 0.0005912255614760528479197373714316
0.114666748376427339847042309821647 0.0005845578842545700016450074126148
0.114234068493054268885925786154746 0.0005779654041565503383297439198115
0.113803021180137393824159151877954 0.0005714472732386706083473430392404
0.113373600271075758871922368504478 0.0005650026528482806281656132669822
0.112945799462380048652135041052357 0.0005586307114188921477270360461407
0.112519613019470566813999005876563 0.0005523306348481599166553244238638
0.112095034357539275133262403327466 0.0005461016053478665907459329572412
0.111672057824164006378849126328171 0.0005399428276825686248223101722563
0.111250677258236425913729553177332 0.0005338535078206262889270777080015
0.110830886707902022266861986595324 0.0005278328633829172174046521829518
0.110412679815098624469054202213001 0.0005218801147145404911622942597772
0.109996051035868979881737406842404 0.0005159945021898891592463685431178
0.109580994329296782233061680151244 0.0005101752673807140936300278530518
0.109167503672252817539717344447521 0.0005044216603720929942279658810249
0.108755573129208141248364465770053 0.0004987329406294364450377832047115
0.108345196672394909231946007878029 0.000493108374414295342691090859752
0.107936368757764022078016197817057 0.0004875472425549223276356285663366
0.107529083643556598839589381169287 0.0004820488309529759682902869279086
0.107123334908321992153796963937877 0.0004766124241729647502300389880392
0.106719117355348219131031750134487 0.0004712373309343806269289505497719
0.106316424979271711981596964274902 0.0004659228566840797150688942585117
0.105915252082064381580596558494993 0.0004606683184860766498725528446953
0.105515592795943533781204982200359 0.0004554730386141599029648969855436
0.105117441423050994719499263538848 0.0004503363489255074412938154892059
0.104720792514481920769149524696886 0.0004452575917109934452779732371769
0.104325640059939205936862058401765 0.0004402361092432813919289339428025
0.103931978718492367015580686546937 0.00043527125943707723913455588207098
0.103539802705399544568904912609868 0.00043036240157690064836666218055682
0.10314910644527558554518308814305 0.00042550890453995920973466895676902
0.102759884653181310002873844502398 0.00042071014762300676125228340358356
0.102372130803606497967876685116123 0.00041596550167548014897850358131295
0.10198584070911828564740098683362 0.00041127437289745032477888954248194
0.101601007762820987486572693263665 0.00040663614457553349251811362488646
0.101217627216160236804253869226917 0.000402050229095960488847391888137
0.100835692943072022917207829402777 0.00039751602876669955413027181969664
0.100455199844301763405431864745501 0.00039303296459165725366723364423296
0.100076142567829447066856022393935 0.00038860046084117681229989281508301
0.099698515186764593788897620513505 0.00038421794137702356311279486988223
0.099322313055566107658694279217667 0.00037988485113884881208753461057749
0.098947530730569238254916089273354 0.00037560063184311620686475034813587
0.098574161963650673736632477156503 0.00037136472219661077918275572700599
0.09820220240512041553429077190188 0.00036717658849562556449926950076753
0.097831645890220014907074905229119 0.00036303568241645917561862470290001
0.097462487945286051304108920139505 0.00035894148046144422643057050686143
0.097094722737875793741660492828219 0.00035489344974699171677231427589442
0.096728345501370699840070255141483 0.00035089107489800338842126637781614
0.09636335016541462462443931425009 0.00034693383195597782947853476682851
0.095999732292009171008357878803555 0.00034302122032871486940810273761563
0.09563748667040316437898639436026 0.00033915273648183654904867550678985
0.095276607751148452075726101574964 0.00033532787878014669595709471695625
0.094917090572351292538290120131241 0.00033154615727308294259165299276593
0.094558929957325796984433682077613 0.00032780708506115752336994162773555
0.094202120554756253091948440475016 0.00032411017874158970064346147348451
0.093846657822404368551036958081654 0.00032045496849955887737165267941746
0.093492536241260553076499436858636 0.00031684097958503747741134386939538
0.09313975074801526937490553069285 0.00031326774709181359421484849016079
0.092788296830896441515292806202436 0.00030973481668968797644252163605339
0.092438168626211659622933667283144 0.0003062417254469020443552123472818
0.092089361411443902220921037514172 0.00030278802688058418912151549741791
0.091741870721665684340045020557061 0.00029937328182785932806831027442384
0.091395690847034184892947604038513 0.00029599704370461533823927618833635
0.091050817461070045563922933162535 0.0002926588842589903777667277249955
0.090707245616776741536894341159902 0.00028935837383895459704774717428994
0.090364969750014594838736195880646 0.00028609508160357621058008833667523
0.09002398536998027780971730967623 0.00028286859163172180182347888919536
0.089684288062372249648286097103143 0.00027967849316474870472839050137723
0.089345871809034255655567644679284 0.00027652436493326075949066149730869
0.089008733628353613743525247078774 0.00027340581843645568589988046254291
0.088672866689647586194600633876937 0.00027032243386315473376288003705857
0.088338267357224484399476356279803 0.00026727382532019680178805449586723
0.088004930558643445326225069237657 0.00026425959796080135450059205941579
0.087672851606888113720010492677223 0.0002612793647256340674408927788176
0.087342025646177935991313875884382 0.00025833274125087418020894197361144
0.087012447691923595460362342407166 0.00025541934623414290861218296108068
0.086684113335172933986038229847844 0.00025253880759131292284110517645018
0.086357018843364318522106499469975 0.00024969076309792481020993705940501
0.086031157856077807723677806281473 0.00024687483168259639077495647255328
0.085706526075462373956065619081293 0.00024409065431805393028756420842383
0.085383120082897142934515301286714 0.00024133788327445358859385534856875
0.085060933879302561587231181331593 0.00023861615268446131072223082295979
0.084739963093243075831951762165765 0.00023592511447529246598820667050751
0.084420203689164354437388473576346 0.00023326442710303314741489814819373
0.084101651294292615193874073798726 0.00023063374987270487164704269079906
0.083784300456850995388969755556685 0.00022803273695051817073829050744906
0.083468147716781225092709244446495 0.00022546106254262607767865247512101
0.083153187084429442706640988406852 0.00022291838388307911956836857290919
0.08283941550012111081559673122272 0.00022040438554605723944527954094065
0.082526827418661380579237268964021 0.00021791873562136888862366305169987
0.082215418798820850644027256949008 0.00021546111779238528087331298050201
0.081905185593532660287862970058148 0.00021303121906943034017766486922039
0.081596122943339471929959978163817 0.00021062872351213965959394388923797
0.081288226899629428200071912973288 0.00020825332567779035597628930195859
0.080981492780380353109930994825664 0.00020590471777910762141033746836552
0.080675915160965923129719028328192 0.0002035825897933624633384450293195
0.080371490601749528745535365497203 0.00020128665013273010292605459224779
0.080068215079888356546642141839754 0.00019901660589426307984933867971667
0.079766083986545397559833819033245 0.00019677216297412589207378075049178
0.079465093087336934055977101550504 0.00019455303325416148008982890571143
0.079165237627149576192874725877907 0.0001923589279394740201519026571308
0.078866514318360033657597690812467 0.00019018957205401318551616873167657
0.078568917481863177172551876375517 0.00018804467629935313512765242502814
0.07827244401563051173497180458846 0.00018592397308072980232942324752316
0.077977088454831319715904449895759 0.0001838271808421014039645730549758
0.077682848111443050083923961538885 0.00018175404074533723321883647361919
0.077389717978576267503520768308251 0.00017970428040341519595745503425989
0.07709769386116145992827839758432 0.00017767763611009107012283470296521
0.076806771381845937926723681998237 0.00017567384577470339789619412960775
0.076516946013705937879384661930443 0.00017369264916298122201701688606342
0.076228216555547958502053792188859 0.00017173381139442517807921816636832
0.075940573797076103089085360257854 0.00016979704603420087474169548190063
0.075654018855552458920291598799505 0.0001678821391717681749039024286301
0.075368542410317004795860140148161 0.00016598880958425421075969301248945
0.07508414590593695725090836494038 0.0001641168503627002003376681668518
0.074800821352202001584874791225503 0.0001622659947458707602182676917031
0.074518565750155374617491942624045 0.00016043601160336329061149336069648
0.074237375134514500984632311647793 0.00015862666599056959933185676246819
0.073957247148818772061882192495772 0.0001568377357426948615957858193873
0.073678174586546087970659186515339 0.00015506897028176026721236379194696
0.073400155825815740891627696618404 0.00015332015713946837779942231610516
0.073123184373701654433127627728995 0.00015159105557519344492639674245458
0.072847259651589743436476839312647 0.00014988146427247451489255608009654
0.072572376203266862271051635643778 0.00014819115381960040064890221802138
0.072298529087598965528379458739416 0.00014651990060884366106866342389497
0.072025716895859799431644304034328 0.00014486750489558857662169489554763
0.071753933165831042127656838044619 0.00014323373855090762342288470210082
0.071483175073723803504145946697181 0.00014161839784630897207384462019777
0.071213437639209914996538311387852 0.00014002126842442778650439615891454
0.070944719832736438975868960786308 0.00013844216151231710144829789499819
0.070677013842404379152997944461843 0.000136880850662681313620387254327
0.07041031906389000441890033989178 0.00013533715389609263073554554388002
0.070144631274870891615130191863251 0.00013381087014592936874441497256458
0.069879945704144569410532575788064 0.000132301797458788305836410557297
0.069616258723375738490087694368961 0.00013080974262513514579496619477509
0.069353566265913423297240345988306 0.00012933451206580552798564231325785
0.06909186558153816296288695473333 0.00012787592164662352591447118313215
0.068831153610570414533536587561493 0.00012643378742134072459815914195867
0.068571423386500430486256525863303 0.00012500790600370747754468507504196
0.068312672934088053935641863982323 0.00012359810365181330379262166256201
0.068054900131966516771019115071608 0.00012220420754187255981623208728355
0.067798098945991827169190759023777 0.00012082602564485252432804692650567
0.067542268781561814587328920559779 0.00011946339712428495317528257846056
0.067287401267202699387216162630121 0.00011811612162189085689784914864329
0.067033499556529566891891072151398 0.00011678406167227271619548539374925
0.066780553025386331596847001048522 0.00011546700915055280163600440214212
0.066528560841415291195140020358883 0.00011416480930361120219686526349686
0.066277518196149840872835659738745 0.0001128772884673503309675461395405
0.066027426633380273921273166526775 0.00011160430719474743696920183307087
0.065778277342351028419007715887691 0.00011034567494152066600923687144473
0.065530067890006406820677891496696 0.00010910123559828075870222773527534
0.065282791648767365109481768904714 0.00010787081385012978604477474191342
0.065036453351938180094385117118476 0.00010665429247403268621181621627561
0.064791042434022246195634931763814 0.00010545148003616248707741020765603
0.064546557546497777659813545309702 0.00010426223251255118274331452119447
0.064302997853835132743690746886024 0.00010308640970891583478959092784478
0.064060353436439839854078609466679 0.00010192382934809715725185662898006
0.063818624241756149690208701765609 0.0001007743584693778634567407738355
0.063577810956233742534217392515019 0.00009963786871793067233045535043385
0.063337904940673293978266769236802 0.00009851418924370354430151138146713
0.063098902977088426841630190753341 0.00009740317662762268783689631292086
0.062860805142485234709653229472119 0.00009630470413376218927771171836348
0.062623601789688211941753598115659 0.00009521860173689199543758759950571
0.062387294453006790166488582650091 0.00009414475242899583303245810122275
0.062151883050951048706207599643597 0.0000930830327825137231773906458295
0.061917354587050773929386737591827 0.00009203326283607482658994350281076
0.061683716250376887641623948539592 0.00009099535474592410828641501700316
0.061450956663485602007253556104598 0.00008996913917313103978007549133002
0.061219076688810502385889320550911 0.00008895450265682238814625658153565
0.06098806958851003755677733384223 0.00008795129973477351069045903198301
0.060757935602172783240887402229591 0.00008695941677057439874506979044133
0.060528667143057023952518865435799 0.00008597870771776476727946907697545
0.060300266993550935735369414910774 0.00008500907232439648475530604253123
0.060072726900463743847523900062526 0.00008405036461191617216847694979118
0.059846049359444728400412476276072 0.00008310248537045259183902891526644
0.059620222216588943035370478530432 0.00008216527543849964612819717125351
0.059395250939433263780619853525252 0.0000812386504016278277730777530773
0.059171126123924835524764926785137 0.00008032246551052985575297957095256
0.058947849931579063178522858134312 0.00007941662482047146802817712527661
0.058725412507704086647171344402362 0.0000785209848104147280226910216102
0.058503816003464279694287671688882 0.00007763545183085530482113377421926
0.058283053846322512060975930186746 0.0000767598983717972478254915631122
0.058063128483039205905952009878342 0.00007589423393600477027940972030918
0.057844029680181000171326013369351 0.00007503831923743430403138772475462
0.057625760164157564183474819511042 0.00007419206709327627807489699270433
0.057408313514028221589542674478265 0.00007335535576595995703887922766302
0.05719168523374307549357815189452 0.00007252807240869247957408333927614
0.056975876951808559430572492500009 0.00007171012862761347427480059510621
0.056760884770615576360412386462542 0.00007090141593649869450028293182835
0.056546698836814231387827073532055 0.00007010180493730054075133174884722
0.05633332387837598118715795827816 0.0000693112219461364088258539997291
0.056120754853923865962295408902747 0.00006852955773579797860416735785013
0.055908984838261998928351247992416 0.00006775669755843896298493799200828
0.0556980181290784499704073575943 0.00006699256868172625559006596103965
0.055487844336489134885299250204291 0.00006623704605476440980412329367764
0.055278464508473406023280394367413 0.00006549004714810559408610735731614
0.055069873614431939358305035667607 0.00006475146860888769536405030682754
0.054862069475227544195837267648821 0.00006402121832865605605419470540329
0.054655057814497572151009579375289 0.00006329923260339399874690473846133
0.054448818936915411652173977291617 0.00006258536018688726721555065086634
0.054243355024817726467438684751385 0.00006187952746361912914902190237375
0.054038671936936572127304002467591 0.00006118167376412421017458928791358
0.053834759130943661608455872093997 0.00006049168321418311585994261370717
0.053631619428042617458934390953773 0.00005980948640384023835522731855377
0.053429243821919195164134363533963 0.00005913497503525423768866031550539
0.053227631943787752742349811131894 0.00005846807084271678820212943694305
0.053026781935201607745061353621031 0.00005780869137800687451384734458458
0.052826690352494523237564011160383 0.00005715674987890818156522913842215
0.052627346446299940289371304213078 0.00005651213702718104806625369467566
0.05242876587254600013522507680111 0.0000558748296049659122544906486525
0.052230929041084572182030110723154 0.0000552446916651852628590161340171
0.052033837223615846987077024817224 0.00005462165546359231967205363659001
0.051837490347796663395947054430036 0.00005400564954091295537846564443521
0.051641886908074207899273999671459 0.00005339659860294376186734102389176
0.051447017678069255960250242084811 0.0000527944043271682662842966788004
0.051252883996144338070512028698541 0.00005219900212093397044744174861998
0.051059485879771741124424717231277 0.0000516103238442024910067360158723
0.050866815433974129014831438820285 0.00005102827812160972598568303266879
0.050674876058710350436688304347825 0.00005045280860538852847279864212117
0.050483656544526572694049887797368 0.00004988381589786678400012413096972
0.05029315720487111398961485141287 0.00004932123606677074228769167749488
0.050103383932554085276089412716747 0.00004876502199162270090923887230507
0.04991432046496878208054354603919 0.00004821506237541187369748596496646
0.049725969592692247836664387956331 0.00004767130268675092808206797267431
0.049538332925629644349337702873155 0.00004713368531066323238430591986015
0.049351403408499272178698944917333 0.00004660212847404493912216273048151
0.049165179682530149617669210293718 0.00004607656754794395804151850381419
0.04897965894440712888716081301209 0.00004555693450353853707944649494321
0.048794836854629772027070643231377 0.00004504315780473758508560689948664
0.048610707443254752319508132610937 0.00004453516230166863385016651899291
0.048427279070137680288914312386447 0.00004403291292542675014056112588297
0.048244542989898734523570536495171 0.00004353632810154418132514859788903
0.04806249683873248881318529182814 0.000043045344609207915396398301307303
0.047881136770802698369165980997909 0.000042559895949800133382262138394485
0.047700465935512958957677716831199 0.00004207993492428504336628322044718
0.047520468955460803711756656720369 0.000041605365891478793648953506292913
0.047341154681296503173862876228678 0.000041136158055611588060427029389178
0.047162513256909158182745649999376 0.000040672231982612438019096908127649
0.046984551160109153092772640354914 0.00004021355140601390008189040726704
0.046807255416410978491597427031911 0.000039760030434983519221183212137046
0.046630629791291177977810872416119 0.000039311626962911896905618701361209
0.046454667418816992212583137928839 0.00003886827234687212832259824022235
0.0462793792116472133146531303729 0.00003842994318956057054630565242346
0.046104745777390051281025702975504 0.000037996540776336143322311864991812
0.045930775399636402924888624075827 0.000037568036182802936800597256587333
0.045757455161007360127341505144552 0.000037144348657029038288407475758085
0.045584790850008917008772974174061 0.000036725444026160153618319435856646
0.045412787385480883162764896860006 0.000036311286016242216585205916453919
0.045241416492202993894633887581935 0.000035901759382132029571286740089478
0.045070701426132895522195704215514 0.000035496873072281654008518712807448
0.044900632424230732764103679754761 0.000035096557336267582930232414642699
0.044731197830424184137196932430275 0.000034700739108841006230881657331267
0.044562406936246986557377854034764 0.00003430939491656916330387422112885
0.044394256761257789481191657215197 0.00003392247288653578554075000886483
0.044226742897726513230478306678032 0.000033539918488323312067878766767573
0.044059859422502848886997429362212 0.000033161674450982594324379972978704
0.043893598806167211182389657492264 0.000032787680680210751657670557123146
0.043727964261146391354129079084909 0.000032417901846969062643825465186918
0.043562958014048512394253240201507 0.000032052300589192657844916086844545
0.043398581236630304284457592249886 0.000031690837444341518832364593869283
0.043234820910581478829542451386555 0.000031333442378618126216299781817736
0.043071675238572635259221640859749 0.000030980070780187233455774329051723
0.042909141123551642750087778784325 0.000030630675715188761928032436722378
0.042747227801017874372050345852139 0.000030285237002492121808304678655763
0.042585916059221634295622314665386 0.000029943674199308289533476952305321
0.042425226743275525678080852010727 0.000029605992284925787928899618673915
0.042265137709586354858883634112891 0.000029272105929238256939029214329851
0.042105653445703271004066725372686 0.000028941986442514591737978557388606
0.041946777580311513501136884385598 0.000028615603418697126616963065842177
0.041788482587256413914007191252628 0.000028292863269191948005066420241471
0.041630814794981852059662114445656 0.000027973823291614250424873262002185
0.041473713137758214206864044745196 0.000027658323410636528916953779177259
0.041317206585027029469932493111835 0.000027346386336152689888670781979358
0.041161308777316156275052422093468 0.000027038003124041629335266850669751
0.041005983926370148709910746536457 0.000026733067652575053777777712895063
0.040851259388632364887366200529057 0.000026431598788743138165344880912339
0.040697095470486395751171184090713 0.000026133484917796230577619899698175
0.040543534791099389344374090572926 0.000025838774407644828763895176533118
0.040390551705598173358228747873875 0.000025547383912625236679485385620982
0.040238135520550924451560717737298 0.00002525926001088535203717546451645
0.04008629180479074676943785764946 0.000024974380564316615453655907181743
0.039935025401653310816958650990908 0.000024692722048783632450597211011183
0.03978434037317785860426700132352 0.000024414259506308090638303714315419
0.039634220971433148623973333201766 0.000024138931834798110027826423031108
0.039484668587905075960540095932659 0.000023866710156467904392481836327575
0.039335683620113951559974734635019 0.000023597563994402927542122803408526
0.039187245488938652462201649672533 0.000023331425647620275365149475397339
0.039039371666202258797491699837915 0.00002306829623891061020492654325881
0.038892038568304123155519740941937 0.000022808103976613668386105029341612
0.038745303625084787098075011199904 0.00002255092003422711927879754985531
0.038599099474802689436933386573027 0.000022296596550528672479935848093576
0.038453439610126216090963027799333 0.000022045128516856835204633160450266
0.038308337382134886982004156031685 0.000021796510217250336305436682311776
0.038163783658875663491650436182706 0.000021550697401341654635685690602934
0.038019767644886547473926092170746 0.000021307643734372090911585916266644
0.037876322879665198946632479754 0.000021067377647236536250564533308684
0.03773339037134327813428628227478 0.00002082977287746396248071105707331
0.037591001407549097224641600647671 0.000020594854739040680923289749095158
0.037449139940844893973842947923704 0.000020362569997078051648628943496624
0.037307837015923393362741209776137 0.000020132942675078905014670813774994
0.037167049714075190149470723503173 0.000019905876662836318049265928717222
0.037026807451480507903781192886408 0.000019681393511660136588089036489107
0.036887114757631659516614204550562 0.000019459474184350575011728957025143
0.036747896699539202199922772877672 0.000019239974841565432639533405579283
0.036609259075250342366523544158588 0.000019023037153173954766735920486369
0.036471096840927538804155113313999 0.000018808471805539455687971553539673
0.036333462272421558902767413677125 0.000018596336182303300420659551626298
0.036196382141601752628063685278454 0.000018386646566039767920569729825331
0.036059798593039696814793166499579 0.000018179290226978241095007322959628
0.035923706778358077721054616258661 0.000017974236859400152181881033599087
0.035788159362037738930957447731979 0.00001777154224622400886021001421126
0.035653121879148621181753913666541 0.00001757113117219990026758041925332
0.035518586939583132247289949376816 0.000017372969898984460563971724558255
0.035384545692130489765333176721336 0.000017177023081146244663518977203245
0.035251050470098808337215907811758 0.000016983344383574655757151183608223
0.035118028570158134853078780794136 0.000016791806015579984056786538111748
0.034985498695094872439583683819412 0.000016602413667683344446312616012721
0.034853479854322328227720675572605 0.000016415172832583299203696697845458
0.034721957887959434131942216728299 0.000016230041860085568965825543468941
0.034590950747506126461572325836851 0.0000160470245757847708293033227054
0.034460442035658988550064041993135 0.000015866076787904697870639809635818
0.034330378166343601644836669663651 0.000015687104193980002508410400856196
0.034200843934071456880562981906364 0.000015510203151012439977113111464569
0.034071783637342800553809786755415 0.000015335276985096433445601018412601
0.033943247589471445732613654450675 0.000015162373548152797314953191848833
0.033815138520168796484706620669392 0.000014991342537858320796632222512299
0.03368754232084299769374106834131 0.000014822279504678192753071476797451
0.033560433485386357639538580616291 0.00001465513078799325343360638359532
0.033433783865144506828959856854257 0.000014489840475894732157654193319174
0.033307602541398998998428938981879 0.000014326401964878001880164780502446
0.033181938960564146651149976250383 0.00001416486014362186345314679782515
0.033056720935536178528393629234885 0.000014005103550485610407242409929051
0.032931996571784111245530247790256 0.000013847175404578094387739824163058
0.032807730889295053124892092157712 0.000013691013222136844731735061615127
0.032683929063047556885602283607413 0.000013536605894147053816625254905819
0.032560595723849827336647360123937 0.000013383941593469720242610406091947
0.032437734914780726345955398259975 0.000013233007749548046841149408021683
0.03231535004563521805730693265524 0.00001308379102250134100952341379719
0.032193397555363760421281666935263 0.000012936221474659613518633118167425
0.03207192422021984063462360573079 0.000012790338980746945075533183698901
0.031950883404815023541938257753266 0.000012646070944228064434346172523795
0.031830321708049589915911674507995 0.000012503456458425035428233717596624
0.031710189153209455207056785207466 0.000012362420139734012909610276044773
0.031590582185996995752113662348865 0.000012223058474796845652627445369095
0.031471347620447906765272421191931 0.000012085177123872643618270928325538
0.031352580546737221971204793523015 0.000011948871092674645675770260508545
0.031234276128981070523550853077276 0.000011814118825024236607987018705275
0.031116428323732363307750406849588 0.000011680897709616189901140936218276
0.030998975368032351636310598535531 0.000011549123199365855958570028381448
0.030882016583677932749504482687995 0.000011418891648099083814386523586091
0.030765544542443035540161229611222 0.000011290178675871968507565479540592
0.030649436086202389878610684607934 0.000011162833845014242165773896080532
0.030533733355359539477255932956555 0.000011036890164284056909639591244489
0.030418539568240483318929703880025 0.000010912445094588678322094692914454
0.030303783887108560694134812149258 0.00001078940694702597430670191510407
0.030189389887562368552316483753144 0.000010667680537686716267940508209845