1.23141180148145791344349685133265 176.336945924878349531623943865069
1.13259638837608468314449987413596 136.414543017424996505224615898743
1.0433513419316786454822840946455 105.929074192775152747898198667646
0.96278352915438543467649495749811 82.590422120984197801096220411426
0.89008886455879978153127583858978 64.675246818600219728136814556851
0.82454517705242554991708502374703 50.884877041469717738543356392783
0.765506027489517541623772221188831 40.239163337615651865473458172475
0.712395330798026410228429510369986 31.997123942912947566045776565866
0.664702578412573405772462043330116 25.5975639231854752122530115430816
0.621978383605213531359035896414961 20.6145940400396862847916494873111
0.583829995471609059356590476470344 16.7242741280536390718817889547326
0.549916368433015107285200321182059 13.6795714015369428715672198082171
0.519942365783363851933618652911873 11.2915422285925493994580899265215
0.493651757172405060558598794474134 9.415179546158691022551081561945
0.4708188736096382784593632795108 7.9387639969549812342031734276331
0.45123911355123972696382763227496 6.7758499723556190957074814597268
0.434718900402856849556180458542473 5.8592344431947775388368929491517
0.421066062250909384285727729866987 5.1364169532325854047985562302968
0.410081788011975168572186692477152 4.5661789096269771783078336468414
0.401555189946173387572802526524655 4.1160008967693874899188239763283
0.395261060711824291714635651399937 3.7601063231702405069834517263092
0.390960788251319038350110616013654 3.4779735838540390470677125897369
0.38840580838099962032551323773515 3.2532003119263047327369496807605
0.38734263091844549200800435264131 3.072634305070602328822409120369
0.387518442956541888195151068206952 2.9257081123568803265212015797664
0.388686504979810665618438117004532 2.8039298787073470068641920378687
0.39061086968688608239193711579566 2.7004937441418278465323929929493
0.393070238112816537968702027500932 2.6099805950931866474858141526701
0.395860952901673292061210207202527 2.5281256120940985172287330686609
0.398799208470506845152433045733111 2.451633746922667447758656197277
0.401722564647541735888811362594365 2.3780284672537015933107433607635
0.404490825420572149476365435933261 2.3055229798933919013903147641236
0.406986319316021930952383489271468 2.232906633938677300044049200487
0.409113608540881381387030477077928 2.1594421734279218571089834871586
0.410798662660026932708140536664725 2.0847718203727200530678397473691
0.411987553365625968054170080409479 2.0088317546274687167405648723114
0.412644751116974253557066991378377 1.9317754398965909485449288990657
0.412751124342811020342830386372885 1.8539065331804755729322338497175
0.412301752628815010499757243099189 1.7756219712257935853967289512172
0.41130366523891405221431951829312 1.69736543219131202918721010777647
0.409773606457657352717850325259571 1.61959088631853440017556644906339
0.407735912246349499342882529696897 1.54273549880324495975134819650743
0.405220561826948833124370297064378 1.46720080613730824412287327946401
0.402261446101613575545885098846659 1.39334088438901324001964467668261
0.398894874671721789331087332133237 1.32145616094642707523754983367401
0.395158326180902806063157197823885 1.25179156613493425097037145642455
0.391089433504410731032058347523136 1.18453784482213733468696950416451
0.386725186030582535819188983635948 1.11983501742009172723018660730969
0.382101325571989681873699666031773 1.05777716633045202388781091401037
0.37725190970626517030801785876018 0.99841790692042322010901874179519
0.372209015887950116574408600376493 0.9417760680158491142095910427765
0.367002560827981150836620152029478 0.88784124852989921529868333928747
0.361660211819493008728342746841157 0.83657903184708850530632461366366
0.35620736943038959962005208513336 0.78793572888228495871430410790275
0.350667203930395110333189694829519 0.74184258710769812792902901833286
0.345060730727012607021702894663957 0.6982194499409910792084413407133
0.339406912793480119235848390832597 0.65697788253372928771306032602579
0.333722780496922130415065178799155 0.61802379977323348253011775912896
0.328023561333344583433283027454576 0.58125964327273230815483040390401
0.322322813849447309734674705221015 0.5465861588529407591161501179995
0.316632561494871626983508011590178 0.51390382649986406241139393942732
0.310963423332492366257365214870946 0.48311399254199788635432345544583
0.305324739475287785623462875566199 0.45411974994761879470544029923784
0.299724689854175234271320626459937 0.42682660799562157488069467120697
0.294170405482437852099933775974428 0.40114298763913291836405666011189
0.288668071807636622665787877981683 0.37698057404342019992768705590091
0.283223024052178326201877184009964 0.35425455321891163644925951410404
0.277839834666629422446587603023592 0.33288375552280297728344668829829
0.272522393174489991884089803453555 0.31279072511512151447416539286442
0.267273978787992257074231001840808 0.2939017312287705233325238313604
0.262097326235796324967305028507208 0.27614673433432576432777299141198
0.256994685276092268996767229399337 0.25945931791592999488133666393448
0.251967874378243860845756075741593 0.24377659457438650567209953593222
0.247018329051231694125008033275928 0.22903909350159160056527994938427
0.242147145282480319529983368531139 0.21519063498212455998516611854561
0.23735511852758846154829563729034 0.20217819642624401880237314641507
0.232642778665166981901729652003405 0.18995177349475602012470129264381
0.228010421302625004260118162783314 0.17846423910474121868756308474616
0.223458135788906236179267818410798 0.1676712024755821075247486328232
0.218985830260941764172039692337606 0.15753086986574765708210298596489
0.214593254022429181683596942085257 0.148003908240811575725072291839506
0.210280017526332969900189631045676 0.139053312783384657464392812487418
0.206045610207137538832168738930445 0.13064427889294711694845104252094
0.201889416385459819706907316467843 0.12274407911546239158392264970691
0.197810729445387080738780249560881 0.115321945277457311991750380095696
0.19380876446566034159272185231228 0.108348955972162556004089972346553
0.189882669466478211242809018758738 0.101797929443664858466930781464407
0.186031535418509357499025539988012 0.095643321841237745272996510476586
0.182254405144298934693076477880027 0.089861130755923336512755959153331
0.178550281229518632071165648539011 0.084428803910272602910397663624453
0.174918133049413468428046692305746 0.079325152841403739860702099972083
0.171356903003909468488083424362456 0.074530271394826218665096920436118
0.167865512046119305070797874405539 0.070025458834186094672414144698569
0.164442864578979413818616285677478 0.065793147362254379348943642724144
0.161087852787836495953370509620599 0.061816833846189387722709626095657
0.157799360469032010568991933153572 0.058081015538922490127776938461891
0.154576266408208866592818949590326 0.054571129590989259403522556117589
0.151417447356695746540057826597915 0.051273496151812045825497368773231
0.148321780649096604416191173687822 0.048175264864960361779299667182102
0.145288146500268027654643588026356 0.045264364568257557945636488504184
0.142315430016440822905381458573798 0.042529456017687535288109775496781
0.1394025229511309279468851016204 0.039959887461359302893991033457122
0.136548325233352936293079782771321 0.037545652897965775715798035125604
0.133751746292849942260913065693258 0.035277352862360646912323601283423
0.13101170620434344778841628971113 0.033146157588809109354679713423259
0.128327136670119473701398530074787 0.031143772410110755861861009652011
0.125696981859560926904329901004079 0.029262405259541826543545842237417
0.12312019911995007722370121667495 0.027494736148137916813929170599667
0.120595759573983270896879787866181 0.025833888499130336648828474857891
0.11812264861570086235318333183558 0.024273402226508082505587672963596
0.115699866316442744903149437558099 0.02280720845215970240377801726325
0.113326427751058807365114255886072 0.021429605762095987681642457079809
0.111001363253200811773907362314292 0.02013523790795699769251426589607
0.108723718607327221780190396205681 0.018919072865520419600319501581011
0.106492555185744100701673359123215 0.017776383168072278587578458184208
0.104306950036228911725592022942875 0.016702727436339942051790739785516
0.102165995926130801027746148137252 0.015693933032036965679974045719808
0.100068801348204661474028196417222 0.0147460797664762651283596399095636
0.098014490493282691308587942693655 0.0138554846000410018839326030275333
0.096002203192619848879596611465007 0.0130186872714451251143909936448491
0.094031094835429827415094872666099 0.0122324368008134967434769499683104
0.092100336263257657537128650797574 0.0114936788125358065422321806415794
0.090209113644487636826972989383455 0.0107995436280552083792833474247946
0.088356628332297541816423821281325 0.0101473350818791134358187383715594
0.086542096709053181265232592860539 0.0095345200168867306694890295486973
0.08476475001545359831342070801151 0.0089587184162427474690145467040919
0.083023834171804412093184574665473 0.0084176941349999204100046231382768
0.081318609588714256002891508785919 0.0079093461933824055736243022631287
0.079648350970714061771204592080604 0.0074317005982220722902206032096234
0.078012347113495267085760343010418 0.0069829026602011669220597140095172
0.076409900696153675985725632666123 0.0065612097767985366928164047019795
0.074840328069891819102195859064345 0.0061649846527120478693689987034391
0.073302959042433855392727860544448 0.0057926889307360659584257786650241
0.071797136662171620267124028315529 0.0054428772089411277721506192325249
0.070322216998328972286397120412505 0.0051141914196108522629949769222913
0.068877568922046227867780684070435 0.0048053555489813499485301396515764
0.067462573886834317622823503327915 0.0045151706765747509681625249445201
0.066076625707581765646241312854544 0.0042425103144908819165469197912608
0.064719130343330984964832146377618 0.0039863160294098522583392259188888
0.063389505677447480920708303993985 0.0037455933288208427866215172241907
0.062087181302305972986566812003907 0.0035194077967576633031668363684741
0.060811598302763256571742285409108 0.0033068814628029229457912489041928
0.059562209043327920173912252933315 0.0031071893910588695946479477958947
0.058338476958183895045081589470429 0.0029195564755268922509604473317597
0.057139876340145823177192345045571 0.0027432544287738729784050245432374
0.055965892135704627377110170349486 0.0025775989532562046644491277382669
0.054816019738777050033815758494433 0.0024219470831229748844731524323115
0.053689764792424960062281269380395 0.0022756946874591637408406879185007
0.052586642991335403630948676388468 0.002138274124147709632656694876907
0.051506179878056312063530207052987 0.0020091520344679154400063209264116
0.050447910663096611845824604514112 0.0018878272735275906545786276218639
0.049411380023981750993015938954392 0.001773828962921063744233032905372
0.048396141923431976148848485810199 0.0016667146629741212074514338064807
0.047401759424623560284076846420596 0.0015660686547563917116106841784393
0.046427804514138459636020755580243 0.00147150032637156857847163659729124
0.045473857919516354322153235445943 0.00138264265592346139729704428317334
0.04453950893567948522601060826598 0.00129915078674033440676919147908651
0.0436243552541691616986309778464599 0.0012207006886475148238698886835634
0.0427280027987223477212694063483656 0.0011469879003772521452440104429731
0.0418500655535031229428884544804576 0.00107772634709636828701133069069781
0.0409901654044529849613645721653801 0.00101264723021528391339596813485733
0.040147931980404527136212644496438 0.00095149798398329799612247966311141
0.039323002493781205382649453061679 0.00089404129488035835563381278677849
0.0385150215927800208923287949725765 0.00084005418084276898532842466863663
0.0377236411992620215558362003822241 0.00078932712496135436043778586644553
0.0369485203744851923084679669628496 0.00074166326314926574900064508709611
0.0361893251764704672817436367667299 0.00069687762007636991363090902293155
0.0354457284982388499548382672919848 0.00065479639002106508565693724484338
0.0347174099352070557417424904431 0.00061525626276965513010923711981137
0.0340040556859208979966964547425812 0.00057810379171961617869672500973011
0.0333053583445526853506315283544495 0.00054319479436916963053926930173807
0.0326210168400746835291724975384802 0.00051039379645939601058536094468303
0.0319507362776231723608037584163125 0.00047957350453441313383118460377754
0.0312942278035092797520251951715445 0.00045061431153338765229352829419284
0.0306512084919589347320691160415704 0.0004234038331086511996942296468507
0.0300214012399232638668095587989403 0.00039783647208622378088024290323727
0.0294045345962712397331478463422563 0.00037381300651899471397330866403705
0.0288003427381607135634661346431018 0.00035124020828942664983702296019014
0.0282085652499478669194341753743725 0.00033003047709271988816715876373223
0.0276289470944040808198098265994353 0.00031010150363910259259803679767551
0.0270612384493425461529759783479679 0.00029137594824012238698717220614608
0.0265051946395543930892898930123637 0.00027378114202415211653242560860533
0.0259605760046341675895954963540243 0.00025724880399342870688586572051986
0.025427147813864576371256355439975 0.00024171477660428521113033360037356
0.0249046801343658037469139990289484 0.00022711877588282168865055914529939
0.0243929477994210126524186342536292 0.00021340415936506822753752610010858
0.0238917302085506532366461763493745 0.00020051770343265113795648567563592
0.0234008113304815560495314643391872 0.00018840939943966067399207741852409
0.0229199796028270925203027456695846 0.0001770322592602708083017166674986