1.23884128846946269240960330004738 179.949081731850023404283604918765
1.13878546057001959561767031820933 139.000931077686710913633701314549
1.04819427371507428620003976504725 107.692004680899057319569183824354
0.96610812406759393382148239931195 83.679187057041593022780629895428
0.89170039848178183375000546423373 65.212306506278198799177340835328
0.82426787397645924420534783118633 50.97889013076836778790208083111
0.763222449399620171792191038059321 39.990557351001064420396868932843
0.708099448967092905298609861276806 31.501771790120395841734761513777
0.658580718112100864429731476947815 24.9504156034988530630161461274242
0.614508505852202972330092030153065 19.9113946438150963929432645328637
0.575846502169121028473520689154471 16.0578078447207032142604523114584
0.542577604442744116727309456417066 13.1304835242610285900582289873137
0.51464517847389270041299802495039 10.9222977580899035335640823720517
0.491935102533501145202455163850753 9.2692754765899193370901481019213
0.474233691326963000312640523261669 8.0411795454506727085509306823688
0.461158395214004911823051244514082 7.1324008116906988280342032479439
0.452230737413244360488381356477787 6.4604875891636217662280135923321
0.446881850553359368641544856057189 5.9602835850569870987342409909231
0.444525150263413091422670177164206 5.5817374209350959987222600914395
0.444585111561349072994468341407059 5.2864480252587397235673685812398
0.44652683239897747943338418251002 5.0454479003905785520781373249718
0.449846931435199195906607275628892 4.8365379678509160819194255360783
0.454074725522628736860569206971981 4.6429768655251523082712021052626
0.45878712884450055133385912048635 4.453050812694699905351125267418
0.463593151071079894981529371555935 4.2587588575121273181860058197089
0.468150110857993862117060219181709 4.0556986433047459808545732151618
0.472166632446713817135787994977619 3.8424314044506079110378380297244
0.475407276962661658272309005893109 3.6198138333195925821853688570235
0.477693287830395382591149408758053 3.3903489637071010864458516673293
0.47890997583929748708683445069278 3.1576141967768584720776318066303
0.478996056524708017381637613866486 2.9255060392635036940210670658352
0.477935046011671645632450341474193 2.6976822604770296872300902846156
0.475745577584088781767964370803249 2.4772525413371860005476979406479
0.472471481037007525884307963861135 2.2666101598705468416726985163576
0.468176401853008155778311913393329 2.0674447971865889118278399379138
0.462920342661473039505454670030531 1.8805823593711312231205625267847
0.456766650230693358757622440215396 1.7063216612720626626397632069959
0.449766397529607115215137903020605 1.54442294127715550174685152679784
0.441954761847086073595050949938192 1.3942985026998013603327669838252
0.433361342205060987679299152031567 1.2552443589451405800671900573015
0.42399811625032126784623012692377 1.126431439314639634597355765019
0.413879841418051951957054845316445 1.00715413038693033201807889089101
0.403022606737065211178537428143428 0.89678960922768490513879931216597
0.39144699554075244788303221887686 0.79482656570826934575997826805355
0.379181918778554252317962495318147 0.70084643425360156230216375712266
0.36626833721670246040427446319196 0.61451803475892615876192243856782
0.352744965579343693505254365699876 0.53549440229036153967093532580015
0.338670852230867082729159449252224 0.46352792195637600604084299320677
0.324095419225859484259640033284773 0.39829871019987360336992381493995
0.309077183841141308246905584763195 0.33951482909850415329248757135381
0.293690205137647767708984879114849 0.28691812391770220687300725939042
0.278020760921781624945557081144992 0.2402455804199096870691657207614
0.262150569772597820749647491208701 0.199179442839150589600622874533
0.246171014602124016510883472283928 0.16339327279712621781951539183652
0.230187907748259509244543025621932 0.132553908177593141957550181574999
0.214321355517040523480945678725504 0.106311146437507961729983184188399
0.198698260175556929776568681093936 0.084283340492343246834667958862379
0.183444043792372209535125010207688 0.066055733411437857338803437380429
0.168674273007070480916781852265769 0.051188782676953348482687415115241
0.154488799051817463479188593984196 0.039234347043427302433149511605937
0.140968855526583422921895455485837 0.029754165179687110116997832374131
0.12817572510913057996439676714448 0.02233568905885081039768041953374
0.116151777623541778465889512331767 0.016604215253076535371288029944503
0.104921452873395229117571815195846 0.0122295362170209652500515804662515
0.094493176441299611955231177595579 0.0089285843122256130391172392792245
0.084861655098198003542449490832117 0.0064646452077690489179355172917771
0.076010592870688865420931849892585 0.0046441771942178910351855071266303
0.067914687352946475900850974831906 0.0033119820463773432919888531144332
0.060541019729574912571213966385643 0.0023457466369925285273505431151046
0.053851957020990549425605142392634 0.0016507795364256833345096724381694
0.047806077450926066866609144405097 0.00115478005690161523319627799313612
0.042360176489139438804393067088557 0.00080333674199580921979975928526193
0.0374700444254527616291779746690433 0.00055597838468218584836783274395172
0.0330912009881935569444814975506122 0.0003829380629891377447950047959558
0.0291812059593131680250244428478819 0.00026259700841087115051349758646964
0.0256975764363214131728731727103803 0.00017932805084445868161751666241144
0.0226012421921346392973990567510203 0.000122000668751557021977765915915392
0.0198545627453650362565929484965962 0.000082706804797121645394801623504312