1.03204633375368916551289068782676 102.46453593211241664256259821402
0.94841596837279749477978588240347 78.874425971254804582876517920251
0.87258658970684343212822343273519 60.848534045091028551701807472544
0.803773800655303124377968450144836 47.039147075884506901466120932647
0.741270712139400638835402762599834 36.432981910374015643279398308465
0.684446385373778558395228916460974 28.267341901338824086065174855839
0.632746599612281129432674561886 21.967421700808100503739455486847
0.58569685312946046717554180457692 17.0993482555840195384492065853498
0.542907168051800810777490477962286 13.3349393896242897353459253235402
0.504077726312971964910284260797219 10.4252042703978095218555013621968
0.469003581674919903589178887429591 8.1803930865204016399951804975044
0.437575724788936416907584046419876 6.4549906450543172773450680769044
0.409774887942980270666432907170828 5.1364838393011031769839137387023
0.38565428653838177886707912991835 4.1370443455612390519931827393514
0.365308986301223016249665196204821 3.3874753381566380011165933238869
0.34883358297764063674075641644033 2.8328943915715480777901157956175
0.3362758316934873130828876971534 2.4296922733569382713557675036529
0.327598759403710767170383944371757 2.14335728063431076722813968134874
0.322663312983436487586531134504296 1.94682386142063088610161486196631
0.321236112567044267526552585118077 1.81910633789201168938676367918128
0.323016449795583931482421140080865 1.74409376254498122355692775731961
0.327670153204755437406340675834086 1.70947361229708497035986829407994
0.334858674015538514756116828129563 1.70579768504536136057403941518527
0.344257313884849304201796072632557 1.72570866878459957463999914281817
0.355562344638561425756964680900662 1.76333157246023815858418538768897
0.368490139075185515369685022401925 1.81381879254430248559836343345054
0.382772222778687821605810457118554 1.87302865142728213972932566836289
0.398149459882317039578941911073913 1.937314508457069743539880320554
0.414367431458215474590918244693039 2.0034021147316785159207688657115
0.431174009657611304756283461938443 2.0683343962788449167841213985459
0.448319352240872517142963704932768 2.1294642875045296213704080833844
0.46555803757398008722404071323451 2.1844775831543807990084958059495
0.48265277398295302654632379988571 2.2314294440943226394483870555246
0.49937899495151397091461850253625 2.2687805667938292839119666711373
0.51552965058044809025099676632997 2.2954222284559980590742866506232
0.53091959195038333290723739542512 2.3106832466125156139456555603544
0.54538908781430481196741955631489 2.3143158988144461311314762067268
0.55880618315576091334994826709844 2.3064615026890215604500293122425
0.57106777995316290383079162541415 2.2875992004270864668078282143136
0.58209947053023108812615986636032 2.2584832551149648017659718519422
0.59185426896068561747518797235071 2.2200748092513551408593576218218
0.60031045997956323190311443075049 2.173473738464691484814453395696
0.60746881876453005870665729706559 2.1198552409211256989610959210083
0.61334945508029943583136611742469 2.0604144585015951580995786462832
0.61798851068512823190211083058988 1.9963210180110648720325258316733
0.62143489929232463516870064925488 1.9286841214052313375767187178913
0.62374723240208285983670602001817 1.858527824723974595122787081299
0.62499102866252328577144962759027 1.7867754672833872470368096182789
0.62523626357213098818166485829554 1.7142418284752211993641110877523
0.62455528269536651115823835019236 1.6416314473928092818847854078599
0.62302107592749474719401939584683 1.5695415755793247292752735415914
0.62070589238150079023658685035731 1.4984683820066912487612508742931
0.61768016416387344925697859156867 1.4288152382107290150742173475497
0.61401170136933249356243613674074 1.3609021400261685086620209144858
0.60976511871728998541362274982575 1.2949755432873091525476135602658
0.60500145518278929599134422656151 1.2312180882531810378532939116591
0.5997779507003347562572238827551 1.1697578536167121903725748246242
0.59414794778402793672683123404625 1.1106769143152155680356164307412
0.58816089009336409280094747567524 1.0540190796695005242969221633194
0.58186239422005508021428425361044 0.99979676376706187649555175911677
0.57529437497546127344509006380622 0.94799699281501198015155927681949
0.56849520810715899442612501669832 0.89858658925204538862369104777052
0.56149991758407228035626547583526 0.85151659383288124881683135307688
0.55434037732971317645269457661234 0.80672599819451736548542141166813
0.54704551960290016203094388727617 0.76414486466706801879677553917783
0.53964154413052063820125388886576 0.72369690943222789379401723084707
0.53215212363766346757594277457953 0.6853016213354021217432797513954
0.52459860267363407763569816057821 0.64887598311662574892969271914147
0.51700018761043480633518647113005 0.61433585529389514284263398481082
0.50937412643933662143624637005818 0.58159707606977826013789692858974
0.50173587760184150235786296223869 0.55057632403683341126899239471417
0.49409926750856743654698679677449 0.52119178405115174096075157355636
0.48647663674223540702224998923154 0.49336365091228792008985974449553
0.47887897517434080879397010040832 0.46701450027397980006830841308396
0.47131604638430620226005803240911 0.44206955159591220579607156185017
0.46379650188879339206774059865887 0.41845684396441483978974735566549
0.45632798574838635537411450930634 0.39610734212184659275560513138565
0.44891723016598807389726712087465 0.37495498711175205310771918838738
0.44157014269557297335700055179193 0.35493670340375538577506915246636
0.4342918856772445883438009949676 0.33599237224251971975069937042874
0.42708694850719783362011529368165 0.31806477920176285707399520133828
0.41995921331470911239614907158147 0.30109954240300901685934103530969
0.4129120145979731787204249336806 0.28504502664254477853961253724625
0.4059481933348245889961298485661 0.2698522476350966495203645393239
0.3990701460475238870259678172456 0.25547476973072765848295336835483
0.39227986927327966270665164472621 0.24186859977989381952743574928194
0.38557899984923409584304316697477 0.22899207923314603657571481229621
0.37896885139599612796848828933393 0.21680577611378174261101055179882
0.37245044734453117175120595159513 0.20527237810882492671922571535579
0.36602455083175684615559144941482 0.19435658773637921919885917164607
0.35969169175028321103402400683315 0.18402502027942514486661770695531
0.35345219122006595768583023895984 0.17424610499373085995475917507511
0.34730618372741319782398559542926 0.16498998994127221094279158948857
0.34125363714406419285985349297884 0.15622845065967921554227714324005
0.33529437083244801563494125602315 0.14793480280114598089981210586699
0.32942807201396692223086906398066 0.14008381878144483372474752264257
0.3236543105657992729517872134344 0.1326516484293195630130511346054
0.31797255239574076832041745835929 0.12561574358064443072016695989358
0.31238217152764225086218427186586 0.11895478652469179588704154908454
0.30688246102159625610944432190697 0.11264862219118571789338816223662
0.30147264283798316518468590162784 0.10667819394530297018082659241051
0.29615187674497054692917910647319 0.10102548284795648091436936725086
0.29091926836171054115136659988383 0.09567345023407957658159391581121
0.28577387641682858878382980062984 0.090605983453980155818700642769383
0.28071471929699014611626260097175 0.085807844625603048993086358727233
0.275740780953457335377519352208491 0.081264622246963332230038865353903
0.270851016227019116423669661309169 0.076962685519769953267392715951288
0.266044355644569922395499907702738 0.072889141238381562599763507164285
0.26131970973914131010822219908564 0.069031793106525294650036275567289
0.256675972936448190541661735346032 0.065379103346063652839352006854255
0.252112027051597826735902622485445 0.061920156471925216143539421999159
0.247626744428631894542793773452441 0.058644625107567190739569191883663
0.243218990760333097831144592846231 0.055542737727924952890511955898264
0.238887627615399619682704794982322 0.052605248217206712715130696743142
0.234631514703454027435676136295774 0.0498234071393531145209488769124
0.230449511899533887013059559913712 0.047188934620285748561163801516413
0.226340481052597695377542395882425 0.044693994750277238570286925504847
0.222303287599114379941616224085859 0.042331171418933282338477454594496
0.218336801997029546062057745699701 0.04009344549810584190020427450951
0.214439901000251129605235618460354 0.037974173296923049931298792903439
0.21061146878837869616722393795112 0.035967066215163939123186725721029
0.206850397961732096892354982764971 0.034066171524026789422671759036572
0.203155590420962272490226603902817 0.032265854213005061314545469030071
0.199525958134193973542182515962688 0.030560779837480251921981962335894
0.195960423812640043427842117496557 0.028945898314914914025009508688378
0.192457921490294634959864954246531 0.027416428609075147549307050857591
0.189017397030936185812585466398359 0.025967844258486780927183600182461
0.185637808558492126541770953779578 0.024595859695968378843600278338687
0.182318126823901672324761598405395 0.02329641731719267953021624397302
0.179057335512518069113199593713853 0.02206567525502052176784262090874
0.175854431500210224185090574460734 0.020899995820791318802852448310281
0.172708425059306012816461965613642 0.019795934573610388615673916932262
0.169618340021854508617906672538455 0.018750229983561305178000845495902
0.166583213906005478238781717449002 0.017759793656139382439977044687652
0.16360209800520079878487125462222 0.016821701085249913644432406757718
0.160674057447887146153089956149142 0.015933182906811361620954418730601
0.157798171227425093508460274788675 0.015091616624114311305598716263181
0.154973532208094051831013035569727 0.014294518779801532000654534578519
0.152199247106863368915316284056878 0.013539537548988433693562125894163
0.149474436458158307460676826156962 0.012824445731703978351353918551812
0.146798234557093077393375821131371 0.012147134120916129884685125334627
0.144169789388846668408053630788419 0.011505605227128597337844627328099
0.141588262543304174757612142518412 0.010897967339345814926433391293877
0.139052829117964404903300006700227 0.010322428904399050985457897268025
0.136562677605581557724487192806701 0.009777293206194728025751340326279
0.134117009782329205204047591213951 0.0092609533317644574574666743152567
0.131715040569716935108452324644819 0.0087718874025413907110486958836864
0.129355997910048016161525217421987 0.0083086540646732063290237036486933
0.127039122622117287539589788590325 0.007869888217166565357354284166353
0.124763668249630348338660262377622 0.0074542969676127102859116903057614
0.122528900917668723683882485003215 0.0070606558057845551951389048052109
0.120334099171523185298364016914891 0.0066878049785225106580011488755788
0.11817855381637556090885947748666 0.0063346460584140741408908153826556
0.11606156776196934035326523580403 0.0060001386962592640749060234774738
0.113982455853975140081284622399784 0.0056832975444030098592768386996002
0.11194054471477072365795985079692 0.0053831893453224214667460175655065
0.10993517256236883561719959492859 0.0050989301718799979243460887786186
0.107965689054873233171001883419978 0.0048296828180079733367764968958015
0.106031455131031734987322905137087 0.0045746543272013763953885050335294
0.104131842816164893568280224994837 0.0043330936476927868235086715435081
0.102266235072984524874761481427136 0.0041042894179447144334756441701464
0.100434025626236154918794847741105 0.0038875678661195553684533589220011
0.098634618807216706051501789422827 0.0036822908232222394890968889661033
0.096867429370006991031121765871741 0.0034878538381980397248599580594292
0.095131882328165425395028921684815 0.0033036843952516327993809933773478
0.093427412806482439165960398159854 0.0031292402269625320786988836306169
0.091753465864277580702915158886921 0.0029640077135997814151392930439836
0.090109496323580579648820627157144 0.0028075003677469151892701856392408
0.088494968638412099317156749421459 0.0026592574028748035087795793413848
0.086909356722874611258583019547036 0.002518842373526654662744788347379
0.085352143746549412488819813839828 0.002385841884787513236483283250031
0.083822822082363485934343486073324 0.0022598643828783811284496131020953
0.082320893053693325638357175785791 0.0021405389925622062928985140711241
0.080845866831824965033727000875453 0.0020275144285155605322313303700798
0.079397262277215929181546515033452 0.001920457959444052286706716821139
0.077974606793003343888151491887023 0.0018190544278167875746952504769233
0.076577436142151458449120475466673 0.00172300531883756284504704078862
0.075205294415617894562376189922703 0.0016320278887502624449932891879753
0.07385773374873584378958967309478 0.0015458543221035828043697333660472
0.072534314233264728630529900701961 0.0014642309467716342625200886649824
0.071234603858769799144094499972197 0.0013869174915218573019043235839954
0.069958178257426657472365710383314 0.0013136863708888634624365111064016
0.068704620628380609267264416436927 0.0012443220186074115256834805536181
0.067473521587128568034834290092767 0.0011786202517031578353940632103669
0.066264479128718850518244994194016 0.0011163876740017294038290141034637
0.065077098331878013261028914317127 0.0010574410976716629639161876476418
0.063910991322322982654763012481636 0.0010016070087784926993112565881595
0.062765777186281712990528093395843 0.0009487210580172583021851326988441
0.06164108182564617737661659081672 0.00089862757544335666315827252161972