0.85836121478204679373179582752778 57.943903372306560116637999775327
0.783135955320485210772804638311483 43.517401087301160543999020152616
0.713374557057740458056487047208493 32.472059390921051745141657815664
0.648213510655793185053483903905466 24.004930318475402631239637116032
0.586847792331801638405738240118437 17.5162221035013252323436365876773
0.528543086522235349321831531304704 12.5579444046316558202066184181421
0.472657896396041891188048251893498 8.7948416260108436214668392092001
0.418679432772470219757519121144943 5.9743112315842056673171788945846
0.366279491079618551362687722226699 3.9029648222575467282115977823993
0.315400013457499077111270224583263 2.42829486875851448952440857969278
0.266380683449522062489518670276129 1.42459911126689502811671607424668
0.220131485458720430559555791941698 0.78292614200758654596575038607522
0.178294231992561908571852274297597 0.40540130767068906781591752390497
0.143163501638373241185091937196985 0.204738074541399361317345794071456
0.116945513386826039172567730150664 0.108914333287465832164424097485503
0.100415515937365722375754254429119 0.067220540737507579778694864026002
0.092348541288581077214706224531059 0.050799035382066062838956871223002
0.09057951348704518565577194518798 0.046286280311984558555295014681871
0.093289797636901662815897178445326 0.048405741306896074205731925314209
0.099412134832470774770964835857596 0.055473723542383733787041225088175
0.108479438613571601577572293914648 0.067437435910316521916957841235271
0.120385820348192871004772128649018 0.085122535229210923465585854933851
0.135207908270390932997522056454807 0.109921729575878143019736881879999
0.153090416956830869478096673218232 0.143599911977365080891407703858267
0.174176967740193912182377306970908 0.188092704137373694588711703444143
0.198571204870116417552129755417628 0.2452671869033763919139951635842
0.226317394786579361966148147613126 0.31666188553215016531911751338796
0.25739210365447393686749978289317 0.40324431534751529124479786990153
0.291700912745861024965468410565132 0.50522359927122737961066169850427
0.329076806161878894636977051227105 0.62194139763844800740983956546712
0.369279251538737216710110592672132 0.75184749020692676403084051258114
0.411994555822115706687953537789003 0.89255419325896587389757134494222
0.45683870740784035537717880520741 1.04095791410567472215872996219529
0.5033638100635106626165834701592 1.19341415177981796462402129733307
0.55106866623856649391077823832204 1.345951107403243620413961024596
0.59941334712367888853788130310977 1.494505214576338138824763384237
0.64783690176278625071533487335444 1.6351596420432929690379674783351
0.69577684876517012784101079244118 1.7643655389181066490264748931819
0.74268883840793800197876117465621 1.8791268616134586886565919814446
0.78806488601853485671946743134462 1.9771336183956648086497352243636
0.83144882313735776651687175020301 2.0568348194785059890918807456691
0.87244801815366763656662877883955 2.1174500460856736014814669073334
0.91074089390779619670411340053676 2.1589257772520290709102586788371
0.94608023136917060681769505468655 2.1818481016986012715724404250772
0.97829263136102489441049005367826 2.1873264458527866216124653951671
1.00727477338759951590379726990716 2.1768633930648540092280519214021
1.03298725272764284797818301064147 2.1522240214112948053859295234676
1.0554468065631969836353214346936 2.1153152089395900074369789885477
1.07471768287243625681222594502238 2.0680818482497466992338717493521
1.09090279268739003762541253804585 2.0124235366414121009224867087239
1.10413514585671048420136219131195 1.9501324940441731092506828227083
1.11456992610857685646280032147734 1.882851407899036898870540234025
1.12237742878498880452810195360109 1.8120486230031188586742347030213
1.12773697334382726410295943771729 1.7390074798488307210208047520228
1.1308318163898597483919114498081 1.6648264976319364016147192062549
1.13184502862047949349032843548885 1.5904273268466832693611002033795
1.13095625883973027586611805143366 1.5165678189413814262160086015264
1.12833928474016461615855514360038 1.4438580569987686493340604463298
1.12416024091951607204891414145208 1.3727776916777858436977571701262
1.1185764143867982199595019476742 1.3036933777593224583183123687162
1.11173550385103862475434852391978 1.236875488238452240634078481529
1.10377524912122844406417699734916 1.1725135894733260114906113028216
1.09482334937180140620098038597875 1.110730396519864253852351213208
1.08499759966012691356027297631171 1.0515940924357611228603184579064
1.0744061858161885670968275611533 0.9951290109938900126454811246871
1.06314809248528667195063231142178 0.9413247705358817168806515997593
1.05131359382227259172107552305454 0.8901440027030344709079919558579
1.03898476537832096979630317317586 0.8415287408768666102262987520394
1.0262360593326739238130758743003 0.7954057929248804658284844670914
1.01313483321579744819204099408116 0.7516910133192151761102558427956
0.99974188569032666458393280219533 0.7102927946807547587396212390926
0.98611207935748883977832740640497 0.671115077580247375199252776958
0.97229467829807086906525114697806 0.6340592140803065119803533396156
0.95833384991871705403839026162144 0.5990257928433491313130260080014
0.94426969252578693944037345555332 0.5659170478140029256231673424399
0.93013697519484261401190036417884 0.5346347906551388618416100698826
0.91596818698857832782446012930541 0.50508599240343656168445809716393
0.90179088566080037041181395133924 0.477178025597415393054822000849
0.88763126305271003029697329842629 0.45082447672134461683810449483878
0.87351007775163029647242873069247 0.42593844936251756393019889304089
0.85944857425405396927985400283534 0.40244142370965164090741764500827
0.8454638990036251197353739408334 0.38025591063305005788929468029232
0.83157189523765317965937902619454 0.35930929110652046999142091266094
0.81778426906724909484387557243284 0.33952977516472103428828345349442
0.80411526768307136607126831571237 0.32085464602746733345577731552018
0.79057383492068242876879662448593 0.303219909026624667443290332964
0.77717028521925902654339473330109 0.28656826679341360705534405135071
0.76391030905696706128925605323905 0.27084184696004880111264425531617
0.75080343231845313248727029953408 0.25599129739475093615910132011532
0.73785125086697840712707527578075 0.24196295031611638194417323719652
0.72506197253446870075852928069461 0.22871368488066229766533496288845
0.71243936168707376459669372543869 0.21619921945596851927910345227204
0.69998561727765878156728902167871 0.20437709573647451667142860271504
0.68770545430783568528505583711611 0.19321005262790707418822243786878
0.67559725892958872608432207810462 0.18265814692904824788956608072011
0.66366456262287491356590084844091 0.17268843755720916188253557630431
0.65190789589916648220931680696896 0.16326782715153586122270689628598
0.64032867368934568800081403079991 0.15436610096406334488033543843818
0.62892647784390247611590016283477 0.14595371229704604462325224242344
0.61770229747839184879064864922666 0.13800402136272665781928019533016
0.60665283992132830566273342325223 0.13048927849129385977336151583677
0.59578217426654523229051788635518 0.12338823379570715136731812795667
0.58509055949036045879143965803239 0.11667844223646132400791638560065
0.57456511519673820336856651822188 0.11033123076265403914320078548655
0.56421780178634360089238835706264 0.1043340650549011242763976596087
0.55404185679142680161135690895955 0.09866452811076012580844380739947
0.54403390592971294536843937587506 0.09330355557539707032613562650508
0.53419833041440214901072737354004 0.08823715048417789632684809259309
0.5245267526012210040976203075405 0.08344579231718666700302555358214
0.51502283943216323590561373239829 0.0789169299874032279745963207193
0.50568128227591085406488140748683 0.0746345447487171909207509435656
0.49650109435079694184657673485493 0.07058552674381211656697170963146
0.48747855768851689759759634465406 0.06675636126481390852759506061298
0.47861294259003312871802693879931 0.0631355523909190940847750262339
0.46990363306252029136259370423743 0.05971225285428559137827182177401
0.46134678588543961818389116545036 0.05647499265610466695041195054741
0.45294222887939537831662249821324 0.05341430373232105706529811038158
0.44467095832969471437861908534721 0.05051476629293423371588771130575
0.43661353145565012208620858500389 0.047795032254990264663537048613502
0.42850097374525873857841845347036 0.04515967671374066029696585951163
0.42073440598012025889815207159059 0.042730468642170102055660269579428
0.41308064581331898525116914779347 0.040424930985743899932963916109181
0.40553125378145079660391480265406 0.038234989126177484536554658152126
0.39812412494806481108960250289978 0.036165785255512020206219783932597
0.3908387602815393562253056057178 0.034205829623430570264624998261723
0.3837493129389183782083832299872 0.032368648723024002737461862508613
0.37667533318989710767286322521657 0.030603192668276880332875182758033
0.3697363162733080817060097080185 0.028935654209301257311289123126151
0.36298405251643493727877122685884 0.027372793748356317963420932951779
0.35635721191619691234056583210506 0.025895234054151582907155881712591
0.3498631841487348318643864699682 0.024500292901048103238268088351943
0.34342907674367408182288620920073 0.023168999493418104930867520088292
0.33714696514173720125585482305542 0.021916901454607841364002007153677
0.33096636426809476022820036244043 0.020730205312740423856503875810145
0.32491867063874584292593728760972 0.019611536475563758640313231552474
0.31895318949349504281033199929097 0.01854849417605873907797235338442
0.31309364470740868098645054973154 0.017542643289866087607863160336431
0.30735742525527726486420353023435 0.016594028745069701149378277111652
0.30172874619900808539846705699882 0.015697225323706450584508733254968
0.29619670817047858045404106933911 0.014848037312984244751714931644822
0.29077342563210448922031320012663 0.014045953372533317300600982589865
0.28544550632258396571171976806021 0.01328673828728422382489401899788
0.28019092490616776109927108998315 0.012565371947420758220155778151219
0.27504888972139193694767811499579 0.011885290216937440200168108237184
0.27001865442222892434360821557233 0.011244255830645726836444224912434
0.2650563763828639421559097977054 0.010634955663288754674028320802273
0.26019529237338272899395784598234 0.010059879010335439949441876520397
0.25540896655387198003746510191016 0.009514332004240107184923335908416
0.25072781556529002101220224198379 0.009000250943391358995971912561854
0.2461264626257171622083946644396 0.008513356358400155465195506335361
0.24158799298359153227395255265753 0.00805067415679793480933069982146
0.23717148488058216321896837204573 0.007616849314609245993198124276764
0.23283183608763187074961790642474 0.00720606332898844410093431304216
0.22855281257470590069424669552038 0.006815770323537997442215972559011
0.22435927033733473665821226403154 0.006447222677508104398529217991919
0.22025074426350798322928135818741 0.006099288679245700491850601660696
0.21617479930552978359017335437523 0.005766730027250163043206486649081
0.21222000721897870139795335368939 0.005455840863519466950822480749832
0.20832608038058855419561949319614 0.005160868303485443164000905069187
0.20450427561625299620416653959563 0.0048819005864884730147077265249865
0.20074069516052298294820214564738 0.0046171996360765292453017037314743
0.19708766859544879588236025575722 0.0043696035405727500058550972832415
0.19344517623469091804371710231356 0.0041317050475103807778799937612639
0.18989554963810134097158605501327 0.0039083410438359343631615873349677
0.18640740023376719225041704204103 0.0036968393129487660358339349107294
0.18299299989304134691791541030763 0.0034973418588055383671077361078376
0.17962693842733409760234430105396 0.0033078290074100922010682058072441
0.17632742661486892081855737647655 0.0031288351181700259552456571154297
0.17309146896483238267862865247139 0.0029596808382425891256746189417755
0.16993458795929340901008922274429 0.0028006473602827557419303732887521
0.16679328384338654583478514415628 0.0026481604299036287214940663018686
0.16372843579913853102647286929042 0.0025048216341648350013595515141513
0.16072612847127014774565909313777 0.0023695183035011729807316612314098
0.157780031708425399621087898457 0.002241574401474436445647529239368
0.15488072518665440464372358248616 0.002120243994246936481407029114776
0.15203914939900340088896345148375 0.0020056582410827332914957766518575
0.149247070433609756994395651298659 0.0018971655139492445507036568389701
0.146505609747501552890092020864225 0.0017945182570451455124847607854061
0.143816994452278737006479786566777 0.0016975136514025118202184793166297
0.141176662455292829774331504385703 0.0016057173138941427751089413469085
0.138583515321818545855736564761159 0.0015188432347508175452055697100321
0.136039733652587997839266631414156 0.0014367247512137207888539001718631
0.133541299079784785104394615676975 0.0013590054867775014705956569706364
0.131089188253410129480400190254236 0.0012855037235890302611305522693056
0.12868213674867259629527036846983 0.0012159785824714850892427969948572
0.12631938349716679113901731420302 0.001150216671213636949227852620372
0.123999845929483022809516915802453 0.0010880071225022411987491587666804
0.121722818744113228852706242489221 0.0010291603303639649195785877063535
0.119487903827618732950986320849705 0.0009735038794094637145893307326524