1.06310595326212423392250417427608 112.273593915265902012499087738477
0.9773060782465778884916036737123 86.556256994575092867738915232974
0.89961487325450512072736222511116 66.909304819236971995269235156269
0.82923740327759814708689858202881 51.86143423217390078128007090447
0.765457966651184589691704879015544 40.30612719016399711210802065585
0.707637144041062921190192830517495 31.410198178667063126374926506285
0.655210727607379133116954584240921 24.5454380384183834593416125089236
0.607690393585276643199891661184759 19.2374521509633083151040854191456
0.564665719503497166973399880301386 15.1273074037392434724110479956461
0.525806751056918158000462201320046 11.9427339786542424084359475902353
0.490865792658953497433897231146053 9.4764740912292804332878080516351
0.459676493861629464455334936440908 7.570002205229194034160347211873
0.432147822109273303712033040378526 6.1013108011962526376402420772063
0.408250525466879199587171365630335 4.9757979058033379539388459337321
0.387994714906156471084003587013162 4.1195329555165437468558718840103
0.371399609606364782251576646424716 3.4743380850341609413759640161542
0.35845995200086779990591093725826 2.9942260132219290898443972540856
0.349116593594602878280877002005125 2.6428099713321486780605640487127
0.343239059113897931430327863094924 2.3913707272674477511876734070019
0.34062434724053827060034540220668 2.21734469521265247163885418630474
0.341010307954323272104104380830335 2.10308169901258525793707101654078
0.344097084596816785334472753785002 2.03479492408640209218042710099346
0.3495689044281336624791642233006 2.00167433203157816957310544339369
0.357110752136009177170453123039806 1.9951559319539413476958801425854
0.366418011515864888982855543036398 2.00834143028334952455365156852131
0.377199979900347374325693570362618 2.0355572163752877586809320694594
0.389179475804722850333981309371446 2.0720359198244201090537542646868
0.402090833142686691893878797411128 2.1137005670360678792952039224215
0.415678003113119706199943910123779 2.1570304718748366916361210709879
0.429693749973620300602946304472655 2.1989884761753298855198687311435
0.443900285595166564896559228948384 2.2369903775896846948947757339693
0.458071228077722419140694593508291 2.2688991773222227331368826970862
0.471994494370686453001821297161245 2.2930292137756874168802499041787
0.485475616453817105057622994037028 2.3081483518968430254497055584797
0.49834096817120683784922109783652 2.3134700219444173896922575184449
0.51044046861791652412841041883242 2.3086307050888379362887695981218
0.52164945398921716401002261076437 2.2936520064001277989093476514039
0.53186955298078999587462126766934 2.2688893276613539677761352649093
0.54102853685737377305025514604227 2.2349710809250882407311709015719
0.5490792271222954118175025674995 2.192733289530676375645786889121
0.55599762211926630924299296953274 2.1431544111790573644550905952455
0.56178044691285435374980753685959 2.087294520556359887304768804299
0.56644234205189500171891538581582 2.0262418930903657659191331072778
0.57001289339572121707495783914284 1.9610688079896717241748984347709
0.57253367544148130650774984433811 1.892797248180175813884686625389
0.57405544252908999342516595278287 1.8223742484851070976264932158717
0.57463556248094872697688251530867 1.7506559873063757953384805362734
0.57433575028952219244321704473154 1.6783993283285830610205269027985
0.57322012818465105332642605631743 1.6062593582334171255369473767676
0.57135361396599569902444523125083 1.5347914777888015224379666457258
0.56880062190802931474842439357009 1.4644567289999655535738007580466
0.56562404912774428644479114504095 1.395629229467684256401711732148
0.56188451398061401106730304286539 1.328604797404232737185891263291
0.55763981062982199974183527071456 1.2636100595723812336162134235747
0.55294454431958782955378207347872 1.2008115232510585516277358013712
0.54784991409128049080103811008425 1.14032425370462742534196036063991
0.54240361298380954210038482670101 1.08221992840570084329401464111822
0.53664981954648196108274765503277 1.02653413948659146544326019593107
0.53062925839073868426849652138886 0.97327289017717245053459636268878
0.52437931123637225743191081924518 0.9224182834670763354872309687698
0.51793416332154405182965821586623 0.87393343633478239073592303429146
0.51132497305739304409340638964347 0.82776667458489248253563269385439
0.50458005540039998950004373562894 0.78385507513704420254900682036447
0.4977250716001642335899641257892 0.74212742735349150024994023878687
0.49078321977886344600789772767938 0.70250668487279175631112387903031
0.48377542226147774728037644914804 0.66491197618847709390147119548737
0.47672050675274716071262896416015 0.6292602371479365330586863531847
0.46963537937414687501309747701211 0.59546752246986004326000643126954
0.46253518829537940140670332782843 0.56345004701063861610788562113172
0.45543347724647424661157248804602 0.53312500121021540807986824946513
0.44834232860579882235029383155833 0.50441117915858797715087498125702
0.44127249606566954345199171321173 0.47722945224057330022402409955494
0.43423352709995379257134074581771 0.4515031163881536051381403997633
0.42723387560508162326356081443296 0.42715813658053503013993131189869
0.42028100518978283029095455652539 0.40412330842775320167283629666824
0.41338148365124921782765627447801 0.38233035337924004577731330292834
0.40654106920599672258954726139725 0.36171396127146828705543994216401
0.39976478905526932848555332702746 0.3422117915339805958012784216852
0.39305701085938765187651227821493 0.32376444234736970404923432225176
0.38642150768026453570671369208695 0.30631539534896011922814905054614
0.37986151692585959757195460803352 0.28981094205669781815436821927055
0.3733797938046118602052718188508 0.27420009700687124744051416374305
0.36697865976412626813585459505042 0.25943450161584141451232859119331
0.36066004635891778188685740760726 0.24546832197521558926905957800184
0.35442553495549884817859834337807 0.23225814311704100591346144580379
0.34827639265679749154354315953154 0.21976286175413102113734508479902
0.3422136047914612447134639456202 0.2079435790446891539205509925923
0.33623790428828388703021636562066 0.19676349457837105470573550025926
0.33034979822750403229172624519868 0.18618780248665562397273974035482
0.324549591833449382152304805417 0.17618359034257980365011596529952
0.31883741015102956576595228231101 0.16671974132986329315919378512955
0.31321321762662292891727963404275 0.15776684001081816386777477189794
0.307676835791063459020934653728239 0.1492970818991317635792625195444
0.302227959226961948292739520563965 0.14128418695501285944818195336249
0.296866169984216346064580066199121 0.1337033170446064141180169299965
0.291590950591182613821921699428522 0.12653099734806049053340316053079
0.286401695797201786744727455757581 0.11974504166110933244351687520384
0.281297723166279652559475722826615 0.11332448149873889876491655794837
0.276278282633887660921786606088057 0.10724949889130373296968249520699
0.27134256512418102828555080548607 0.101501362741695513644856325483174
0.266489710319003375844657892950904 0.096062368605935877393740128871964
0.261718813659469434245137202152143 0.090915781750450345957372948274996
0.25702893265281296648331330290102 0.086045783335939326690412816676646
0.252419092552297022318588013645153 0.081437419579487587765125913032541
0.247888291468758701075447595344073 0.077076553744858078911161697628169
0.243435504968720102075018505215975 0.072949820816102620124577325846518
0.239059690208515387914957059708166 0.06904458471316111769234237694031
0.234759789647438151663089054215908 0.065348897911276087642236982369235
0.230534734381559575172562999386293 0.061851463334005403540454954244178
0.226383447133837013904607982124746 0.058541598393097926617742951161063
0.222304844932119391939693614349203 0.055409201054035263020071555357671
0.218297841506961997239311879309507 0.052444717814612643580453097012695
0.214361349435152659579537849605278 0.049639113487013244761015548704316
0.210494282051522085195063590436489 0.046983842679241863127467933978592
0.206695555154195114652225914082135 0.04447082288084455950947295402493
0.202964088521019949941602497204614 0.042092409059252647726424417279468
0.199298807255032007857085489905134 0.039841369679897034061678062883405
0.195698642977296909051354687227726 0.037710864069470323557771535523192
0.192162534879399244370400484742644 0.035694421043540008336259373698519
0.18868943065025785025500474339667 0.033785918726678424914045027135808
0.185278287290287337262506006268775 0.031979565497094501194892939163614
0.181928071821957203252891149954657 0.030269881990216696138151370588451
0.178637761907601809023138701777421 0.028651684101140483788008331924051
0.175406346383078252838674157825517 0.027120066928673038830504991075077
0.17223282571805662229950285828185 0.025670389608494135586203182110505
0.169116212405246098027202109459181 0.024298260982441119495718243326667
0.166055531289782774549874681508837 0.022999526058591482641105679103361
0.163049819842591871197027305371825 0.021770253216300552526595072323877
0.160098128385364626988705339912187 0.020606722114977718866666763470866
0.157199520267567851852788701529651 0.019505412265108562567700463602221
0.154353072006889778037308091763983 0.018462992226984317017923893485958
0.151557873391443286738674903027826 0.017476309399637591102720523143218
0.148813027546546084091079242674774 0.016542380366791925642918881021569
0.14611765098065953457818687209475 0.015658381772514156781133848159837
0.143470873594595390552152538745262 0.014821641690628105292781474594161
0.140871838677402996309414098940133 0.014029631467284166629124906820741
0.138319702872146059042837592312029 0.013279958004247014070501965597482
0.135813636132434559888675524376225 0.012570356464211667867490827140782
0.133352821652497172312146260857732 0.011898683369125887275406684794425
0.130936455794403587122383751374496 0.011262910076000058903585490566734
0.128563747989029540491387689131325 0.010661116602545012623145116722523
0.126233920636783988742117245760579 0.0100914857899638070888720147864982
0.123946208993620885917709560634837 0.0095522977801662877068343187979439
0.121699861046546927925068980669812 0.0090419247910662297212552548922812
0.119494137384631706094638109064946 0.0085588261747727527829690627134274
0.11732831106415888034055681234414 0.0081015437425827062562676611270608
0.115201667459845956849140682663119 0.0076686973403897566820516064277733
0.113113504126902288790239864173945 0.0072589806658036816514130018796499
0.111063130644602253715070171362508 0.0068711573076203511407109680064716
0.109049868455728456346073063645696 0.0065040569985565907586277004230494
0.107073050722918452517247294291617 0.006156572073200472962511401101343
0.105132022155233179862692192266782 0.0058276541114965368303628600056899
0.103226138854584361423615482564815 0.0055163107665326166524604641432281
0.10135476814894458430778880215003 0.0052216027607432379791532565777721
0.099517288426053660877322833483704 0.0049426410437852007436110770405573
0.097713088979816501620240670652275 0.0046785841049940397558672691077979
0.095941569837086765756171823806557 0.0044286354271689287000545586643462
0.094202141588336742612936071630145 0.0041920410777114299789818358093708
0.092494225234304491523752930967795 0.0039680874311112520580072781870097
0.09081725201623241961345145452233 0.0037560990112412269482428259482147
0.089170663255947128013511017017348 0.0035554364505606630604390797423576
0.087553910190162665930565956579026 0.003365494557881884118417368972519
0.085966453805238219952642475281649 0.0031857004896905207128305157697286
0.084407764699078814938321813211108 0.0030155120223017219926466160950867
0.082877322889577354663641725753353 0.0028544159105309096636524631973128
0.081374617690735773709558257917587 0.0027019263414442013848432624274099
0.079899147531130596470693012457353 0.0025575834646733913391870234747068
0.078450419819785279530066743095238 0.0024209520060818054202093503539129
0.077027950774801732061253157561111 0.0022916199518651147826655136843192
0.075631265305031162628270855666897 0.0021691973077878300533179762691296
0.074259896814253528977122666227576 0.0020533149177904014600721215392927
0.072913387107689831070026334364882 0.0019436233545070785114852384785569
0.071591286192235781348196733948625 0.0018397918600979888667488027674088
0.070293152209241496739106610853724 0.0017415073541671570400535564641632
0.069018551197690206409870890942385 0.0016484734815277556731208845093051
0.067767057041175071405121045199229 0.0015604097246153248109190190362047
0.066538251264306945034620947376116 0.0014770505522190602046801359989687
0.065331722983267739655822432161045 0.0013981446242563781203952956682715
0.064147068652162491885621059802599 0.0013234540254026323860508405351664
0.062983892076602165726896213290608 0.0012527535567772859079167330202831
0.061841804169280161810725961704237 0.0011858300491089745012996533595821
0.060720422832735627381281789528468 0.001122481720692494280193434942868
0.059619372942448100763355703929959 0.001062517574823101427599007268859
0.058538286058600070126724639346349 0.00100575681440638848306657881213714
0.057476800513020010952531307422017 0.00095202830783381001128556622732836
0.056434561064409152174758045710212 0.00090117006091648421666687707460388
0.055411218927469701909363533887296 0.00085302873604044961039792522345855
0.054406431600311029884416393740872 0.00080745918681292652304504876267678
0.053419862893134582716097575481378 0.00076432402657487633479699471266978