1.46131319740228787307397093739204 297.37444477920036130298427510368
1.34359099599154895769335823727077 230.20075221268674917342848647134
1.23724409839554994093917948481986 178.899974925850213354525388070569
1.1412083241803291525094637605873 139.619327949278063832447813941584
1.05452296851272930058188357296988 109.459159307040806147916146694502
0.97632116563533124462477012687954 86.233963922361906488465082935535
0.90582112457593899945228034593229 68.293891399200982993678164026489
0.84231811474259562722041879423513 54.39132888120432024734422585801
0.785177078752319749048854300287008 43.58108962523395731451034771035
0.733825750683871650111777243194314 35.145672329788149031124584410024
0.687748162872872239983853529627528 28.539237156677935894480850866339
0.646478437105459775662190232370015 23.3455657820900793990434578440585
0.609594780486163313779062960491984 19.2464786412753441789713530502801
0.576713645143599562907274584216873 15.998079587594811154529224460963
0.547484064263094186203683219761572 13.4128657394909697259006168764523
0.521582240063858463563697062092704 11.3462371993513628911835515842666
0.498706522098301382390582650138629 9.6863113337923329494437190926303
0.478572961894657417959446863542033 8.346221929381527848573421900386
0.460911646684427182630538272935771 7.2582889801572409742286772280039
0.445463989413163729593153135385426 6.3695981285151798180101110654243
0.431981083063625036289280401203441 5.6386432564959247532373096441541
0.42022312575299052328596116412897 5.0327713534948867368169134397247
0.409959810609858438112167380573107 4.526232950182586006715361732473
0.40097147603926288928352018792666 4.0986895910068051584995443017223
0.393050747701860713588742580699011 3.7340661024930912247688440088676
0.386004382636332274244060556577858 3.4196628462510757927669093983238
0.379655045885715837638323516831994 3.1454639879078688341594733902398
0.373842799740614261636410741955539 2.9035937324902608830545058180385
0.368426151146720605313702834594199 2.6878846801736184127085809173154
0.363282571203827708294433611914237 2.4935318042847943236114016362949
0.358308463004650081060910153540602 2.3168126580287240562738310483144
0.353418605284034382222968337037904 2.15485972556174358887771358861013
0.34854513746105974826373936402204 2.00547469681281141568259008942789
0.343636176548088968098532260240821 1.8669771605048952244861889873756
0.338654169044674469740497736301631 1.73808204180405383631442035109207
0.333574082944405687926043664238834 1.61780129943735549176262588450838
0.328381538412984289099497924084883 1.50536615035477226423779150251287
0.323070962869616291733001319335216 1.40016657742725707880919372660195
0.317643839530317480939025704924879 1.30170522307840691559926294102374
0.312107100218021171860142457967626 1.20956306205313685765824280873589
0.306471695331203735005696115002257 1.12337452566409891255966871939984
0.300751357725220203486493239800992 1.04281003585109120918663004896417
0.294961563801424043135918912710486 0.96756420027948053604925871973519
0.289118684719811770182346019163192 0.89734821026644826972336013654404
0.283239313346839927093995025036697 0.83188525966991961483611429477434
0.277339748029288036481121565944132 0.77090805453872009955131094728696
0.27143561209016914120307243364428 0.7141577032488393469201377441953
0.265541587549340906843763465729559 0.66138346178979803306352277545526
0.259671242469493019632602197695955 0.61234295893193030361070709983783
0.253836933062344241432424057004915 0.56680264371009019632461264035906
0.248049763888325512750190897816013 0.52453828699086304409368775354847
0.242319591863590403959589403142915 0.48533543448326833162851692220303
0.236655062146742387632050154788576 0.44898975503448672391491925710505
0.23106366618464334012638372528836 0.41530725971297141782105990217462
0.225551814175374517562291990834936 0.38410438771153839394744485028348
0.220124915922500310226021931522629 0.35520796754896074419258270666813
0.214787465503343257517429893888238 0.32845506882396205936591595622938
0.209543126367727472481357273172407 0.30369276271986824991410101868182
0.204394814446836585124790958532564 0.28077780993656979222942441933346
0.199344777613899478878418390874129 0.25957629371791561354590688880045
0.194394670429408289693316063456514 0.23996321382379946311268015365549
0.189545623552795594520986633052015 0.22182205512146398508112636746589
0.184798307536717261818535472835416 0.20504434223050185570261906525765
0.18015299096200909524019145467636 0.189529189522501339050725340155533
0.175609593041991162126054365416895 0.175182853848022709286229874747642
0.171167730938942068354683800485551 0.161918295676572785116487739752
0.16682676210779153724379502156116 0.149654752902476926664526790517381
0.162585822023567684990080827491033 0.138317330380304108137061027328876
0.158443857666313858721288248165484 0.127836607279758470774091429302554
0.154399657139387095156361961774351 0.118148263573106213152247902881444
0.150451875787227672010816124851043 0.109192726353961222703266753650147
0.146599059161500576748558831528104 0.100914836210705392647506353241739
0.142839663163101784585867611618007 0.093263533517199735879919035554318
0.139172071663198870380635074905786 0.086191564234569167735207085923718
0.135594611881514006776118566918111 0.079655204624290132323696130037791
0.132105567774889943859109288929918 0.073614004137790024575420655413016
0.128703191665173043392342769534747 0.068030545659844661120846847627364
0.125385714312063077343319379673227 0.062870222229959277627980691616179
0.122151353615375366234362542807921 0.058101029341565916038936094409513
0.11899832211126728071266694803283 0.053693371914558049737866797792999
0.115924833408664411734118902834233 0.049619885047621607754101904469468
0.112929107695796520902424335669201 0.045855267679365025291144246852036
0.110009376431763181680950308603041 0.042376128317183072813052741865133
0.107163886324826619825842892805521 0.039160842028303876407698563749251
0.104390902687005812406046893302881 0.036189417925852864383998094273233
0.101688712244074365168205782132041 0.033443376423370596417580194071785
0.099055625470405917713861856363695 0.030905635572033284270239420620948
0.096489978509951179984258990139933 0.028560405835928896104929816148596
0.093990134737016004664945737775836 0.026393092700596682881260898699852
0.09155448600400253357373888753938 0.02439020654895661184375859495993
0.089181453617524902162596290449076 0.022539279276130725190854941391868
0.086869489079220652332509424160094 0.020828787150303122440109260879461
0.084617074622901732777595722061564 0.019248079460470698286361978291151
0.08242272357613071493114166930779 0.0177873125242224844435889222728039
0.080284980570289540676872376726562 0.0164373886584046859940842223185769
0.078202421620735862075353884840238 0.0151898997442379036475964827636488
0.076173654095555945401413258841481 0.0140370750446516855618860354498459
0.074197316589075447551121999271854 0.0129717329564109283468450068577464
0.072272078714663912676202514856545 0.011987236402973274470028356886471
0.070396640828889495379832252869462 0.0110774515951779376030795334526668
0.068569733698179287563403361623394 0.0102367099073085436905333555971554
0.066790118117110685131845458352813 0.0094597726343878240444552596349587
0.065056584486891497520038628605981 0.0087417984142171354338619952086889
0.063367952360756493969052735428654 0.0080783131134147231723583462209559
0.061723069962980722364453866290844 0.0074651819920437775999343975893566
0.060120813686462834412756106027936 0.0068985839748739379655429554757345
0.058560087573915769424504643495821 0.0063749878704937177498768784822
0.0570398227863431552446149498091183 0.0058911303911121505959921505770069
0.0555589770628078074564456930862985 0.0054439958372229968872923925544876
0.0541165341739139648007558931537542 0.0050307973211423692352304142525441
0.052711503372152829459929021700472 0.0046489594132647497052168431252034
0.0513429188409729554952034699043434 0.004296102103337815171250662043998
0.05000983914464185518418489813657 0.0039700259773265030688627756711828
0.048711346680611402894432028923038 0.0036686985178992919451337865756666
0.0474465471355010389632240016503762 0.0033902414434236300489055675224575
0.046214568946349493506513353316408 0.0031329190069533421079692205359571
0.0450145627673234555122690396495506 0.002895127182338395667894240177525
0.0438457009438653965631524238943503 0.0026753836705044582337687342899274
0.0427071769936986555505499905468629 0.0024723186635130767512374871277783
0.0415982050963861275689613657108216 0.002284666309205033529352687973922
0.0405180195907979595687038199033658 0.0021112568231380681361546609291532
0.0394658744822893429213286842454225 0.0019510091989998899216394504051447
0.0384410429578164638716273789907016 0.00180292447180440554979755857334755
0.0374428169116171701826018179635363 0.00166607949233708961318222326771954
0.0364705064796313796321531804872548 0.00153962117378792477671023649320662
0.0355234395836271998391428756692004 0.00142276117490175711247478479585271
0.0346009614851606393924922675477162 0.00131477098654769335676852083519087
0.0337024343494375211745786074631098 0.00121497739111234595589847682008673
0.0328272368177603836047227964606104 0.00112275826630022427763463486157798
0.0319747635907889660599056293647137 0.00103753870747176262644886464052557
0.0311444250210947779878787188909691 0.00095878744418698435699935101054869
0.0303356467145081110472821326865168 0.00088601352860877100228494445082378
0.0295478691411151478261533010504542 0.00081876327523900799171644499931116
0.0287805472560772774768100736226331 0.00075661743293476446156874355264721
0.028033150128786992196713559632661 0.00069918857146681696879208468015969
0.0273051605811785476888008757236449 0.00064611866642821530969893955413674
0.0265960748353307214167868712071096 0.00059707686745776559655544473947243
0.0259054021677691872893637027960299 0.00055175743570388367584175803210136
0.0252326645760099191159291081669537 0.00050987783806880020631294353893865
0.0245773964495004818728379392843949 0.00047117698582725978141551575623551
0.0239391442507885378910128239670336 0.0004354136070596332323319135894063
0.0233174662041590980245760684352123 0.00040236474257570778800821227234729
0.0227119319924475802121448693233814 0.00037182435600928898552224821690234
0.0221221224616626778468522505497671 0.00034360204940513550064425897548449
0.0215476293305854814561533706573466 0.00031752187617301370117889948855715
0.0209880549124943910693549588682905 0.00029342124435849128769694540075521
0.0204430118388896080718108914670542 0.00027114990291982300184440642856285
0.0199121227936096480622318771858025 0.00025056900509616511788281559463877
0.0193950202542198765182805550752019 0.00023155024287093095928351308084272
0.0188913462337378356720454029563596 0.00021397504690108512599917603649383
0.0184007520398810550275351758423371 0.00019773384756544085539076517536746
0.0179228980297685129982188812938324 0.000182725391717197409453792438048265
0.0174574533779000002223515320998229 0.000168856111535424678962725919232956
0.0170040958444807846927760357382057 0.000156039541106523849472418892755595
0.0165625115575920305152122653024603 0.000144195777516216579018427167481588
0.0161323947922731329878837500375326 0.000133250982596079003918268207204476
0.0157134477617139679435090070624393 0.00012313692266558669810320942308924
0.0153053804080219658384467792949444 0.000113790543062721073737085072530926
0.0149079102086075524566768747651972 0.00010515357520411035808369799551786
0.014520761971407983459943715072686 0.0000971721731066364062871669768549
0.0141436676528920997754034874276215 0.000089796577880959232641620492902736
0.013776366167300246483548892905303 0.00008298080740440796969601656006205
0.013418603208211196590991855079841 0.000076682369701044922571634123188987
0.0130701310768084082666937555776191 0.000070861998100233934175255529284584
0.0127307084961354523241675034880488 0.000065483406194884354731981854876534
0.0124001004643516508930173015860717 0.000060513061957577929914337180557838
0.0120780780784083959695023832890806 0.000055919978459151283869745996992015
0.011764418378107326211768715619059 0.000051675520732340159529096856049334
0.011458904188586640945881165162236 0.000047753227215330432277941388241528
0.0111613239869046876309875548554732 0.000044128644995496147617801430784545
0.0108714717284310439412061160064073 0.000040779177014863206518238982867097
0.0105891467326086759624770942287668 0.000037683941540266732114699347698533
0.0103141535199134822643022907601278 0.000034823641694712327041517556236093
0.0100463016881161767552945437623498 0.000032180445294248305659182224911637
0.0097854057872223710769946941937591 0.000029737873733512274794014906109419
0.0095312851732744655620936976155776 0.000027480699078708164678388211514318
0.0092837638942543647253515645647758 0.000025394849244706241687905771433003
0.0090426705814153614460252020101228 0.000023467320363847918133924063005255
0.0088078382946616008668121814118695 0.000021686095419883352527398899488478
0.0085791044498242907565334087822073 0.000020040069673898974649729574563674
0.0083563106653013163160977975411968 0.0000185189811216998535735678421496395
0.0081393026908896520228170960755818 0.0000171133467954873793967235347033271
0.007927930266163230449445754998972 0.0000158144034028286186167540391147289
0.0077220470471761890773571188963423 0.0000146140528941265124525169424716241
0.0075215104824536532492626961372455 0.0000135048118315497920680317693753668
0.0073261817160835994244873709192117 0.0000124797647560245669057571139238702
0.0071359255114435791534483008199609 0.0000115325211783870340886851453067276
0.0069506101260621597030212340742015 0.0000106571755758072043450394939401336
0.0067701072734736745756976930833583 9.8482708285159175745705709718201e-6