1.59722845243526627748626560868315 389.71145950789246056846270764113
1.46823397423430643428650176268261 301.68286000399582954814710934789
1.35166172841905013631619848888096 234.448108490164172910090203757939
1.24634306164746897951085399666999 182.959927776457839410985223897721
1.15122163822935229633036302432369 143.419617203230755182360627770118
1.06534273143594636378378446263781 112.96399332187743595447421076127
0.98784346683396520826869199302991 89.431576251828297659364890027095
0.91794390089702452163381012975055 71.187823911849228497631492707194
0.85493882604684494353677356201666 56.994389775680401700234632898237
0.798190202865893164788610334092622 45.911223553407397791415348060917
0.747120132908678438324350182379103 37.22319085549946209183387051505
0.70120430266306342387547143620183 30.385011620281671494143337484211
0.659965851675949157669484160611476 24.9798964626976915346807669566161
0.622969645564266524646124581608087 20.6884350802193154712785964799341
0.589816965928599171060567976342356 17.2651653082850440764756624920623
0.560140660482297150315394193057035 14.5209024773416445189049952132488
0.533600822589228347241448139017648 12.3093936676564686002725685381716
0.509881083504976117012833046674516 10.5172228487574496663282186217934
0.488685597239041205442350376770352 9.0561623663561539184590138025461
0.469736774104988275350756433121977 7.8573673315755195416617782637085
0.452773776095593589118228242104261 6.8669596814534104035972727234811
0.437551731515400885674450027122587 6.0426610427509362967912548946735
0.423841567897033346498815814996183 5.3512177345937822444771869195339
0.411430312395463412720292530148564 4.7664244938844833054672297003518
0.400121676998396644531142580222951 4.2676011465493382992292803779179
0.389736737159192893856212555734557 3.8384124323706220227876361835642
0.380114526861239060594449829085827 3.4659484353656846519256138300706
0.371112406264073421529645258778279 3.140003715289211765331279832285
0.362606102919987250519051857746243 2.8525088502733158912434627080599
0.354489376397979291259466285232428 2.5970798491275938231532968409708
0.346673302251941595649938486083061 2.3686596515584671926891666936023
0.339085209705049768407860217679945 2.16323238608977281083862043596487
0.331667335373950331461061966427658 1.97759574236956634395918996060411
0.324375271953398494752681143068373 1.80918017976615150587688793968062
0.31717629669355783056076401242986 1.65590609840592648403090999172137
0.310047661470001549238141540407434 1.51607182982839011261108151346414
0.302974916596763140294180494374665 1.38826658234538363348288937886326
0.295950326758040500923000399907167 1.27130345999762240124072785610701
0.288971421850788896971502153312841 1.16416847034373484146288062266223
0.282039710049353622750949151714002 1.0659821104559005838758744595485
0.275159566415169670732918788149171 0.97597070798888389334072779443116
0.268337298728169947406693279327081 0.8934452115557893414825782296651
0.261580383282305610430400053831749 0.81778557810986300690469116775608
0.254896857157483325085920877333258 0.74842929661086632896403845379216
0.248294849688119964674651058745604 0.68486291847644356072506713789452
0.241782234083803747694506533187825 0.62661573900523273776926838172698
0.235366379953845471608716873390948 0.57325499463363875531563425028356
0.229053988394097092279786816077115 0.52438211452405523023546529981403
0.222850992911637659338454491516626 0.47962969832981979139624175144005
0.216762511466935674583647695948725 0.43865899197835908498512778730902
0.210792837056671901959395750746287 0.40115770653442294290588965730336
0.204945456370016351524859269220705 0.36683807754530843613473113203041
0.199223088013955272996958332893915 0.33543509875519317260294090210248
0.19362773355561151413086050683534 0.30670488883124874646802063740214
0.188160736143473668749588782537237 0.28042316603735961341300656781376
0.182822842742763661871315561061254 0.25638381613661166352836529342865
0.177614267065688769596226341369103 0.23439754507733240523852511052824
0.172534751117841394643698816487431 0.21429061158945251934597036218501
0.167583623944290729083646487351348 0.195903636659765578042356567666267
0.162759856670156289590085194141015 0.179090487636549086291542221595405
0.158062113317005419647816661477238 0.163717234888062570232375881857222
0.153488797162559920716117029390009 0.149661178800894422891767869968918
0.149038092616465096523197362738836 0.13680994463220347148335924221639
0.144708002728275564971800910982155 0.125060642438175374376380708534592
0.140496382538610833886741957053943 0.114319089044016319720009449748139
0.136400968543397389769642015229794 0.104499088829147742470362806660034
0.132419404573033837351025346261825 0.095521769981109225383901551688094
0.128549264400981981176505814498378 0.087314972821387478574915474307769
0.124788071395248036684164534940804 0.079812686816963047261232885445497
0.121133315515990760374520585602172 0.072954532952373594747413987744844
0.117582467946147056891534185075533 0.066685288237006162355656898298372
0.114132993622232522175366104065923 0.060954449251489275294817777173299
0.110782361910818330754806886954493 0.055715831785846992702821403664204
0.107528055654173449597316676104239 0.050927203783592911662516714584944
0.104367578786628966366841993537243 0.046549948973400633411446343920989
0.101298462702465970946629134024821 0.042548758739566759047735690007389
0.09831827153643225101105333474933 0.038891349949812015080281797466056
0.095424606499817506147865030728147 0.035548206621910734847781017406912
0.092615109398414876775194460306227 0.032492343467277187449362247984496
0.089887465443617496712414645660347 0.029699089498694971316382048766912
0.087239405454273452299871794820811 0.027145890030124799951450911475822
0.084668707534871492730839006077214 0.024812125528819699434716400259748
0.082173198304764172936558472622368 0.022678945903406607092756098213056
0.079750753743582140830609350735698 0.020729118926542465072649415043641
0.077399299709573659672030711193983 0.0189468915973792144025129099092385
0.075116812180140576396215069706055 0.0173178633476672516727215491022456
0.072901317257279651506099648263438 0.0158288700863573028034541181115672
0.070750890975037559311183147852473 0.014467878161557909523018777978576
0.068663658940939397153868463587974 0.0132238873958242631139171309453615
0.066637795839120618215431056710236 0.012086842421844477881409257921822
0.064671524818976827520796071935691 0.0110475516107228763733575325636894
0.062763116789997013029206059480814 0.0100976129449956993644637312807975
0.0609108896403058593270945279504302 0.0092293462432620096978303524080294
0.0591132073942855268037834004541421 0.0084357311938174290863636443928931
0.0573684793221860302344503826732361 0.0077103507006339863910770497083116
0.0556751590129566561217195262914382 0.0070473390873749207349229919232627
0.0540317434197060125665410739853977 0.0064413347437345258191031115206085
0.052436771886072985918019138689571 0.0058874368339331719946021475786239
0.0508888251602667406373288316709387 0.0053811657195003298146840943039314
0.0493865244027100631691245481929708 0.0049184267782531743287093396204496
0.0479285301922418540392362680234106 0.0044954773285096936903028704007494
0.0465135415348979477881806963626834 0.0041088963923918480464335139627442
0.0451402948790610946245484404882234 0.0037555570549492484811631558352551
0.0438075631394788957230557817458663 0.0034326011964379943285194858932508
0.0425141547329725866442098922564897 0.0031374163943590207490275197165553
0.0412589126274618212788995129225375 0.0028676148090671755838535929406864
0.040040713406213065912746252372459 0.0026210138828592058568781141887877
0.0388584663483387927154801680677712 0.0023956186968848773904178098490877
0.0377111125267627213033916437895025 0.0021896058436582839601219477342781
0.0365976239244270021835641802161528 0.00200130868508322914875271614448007
0.0355170025690994578667416254299746 0.00182920387702236533106785864160531
0.0344682796875338941366124479675003 0.00167189905173392730788154059538365
0.0334505148791774131668143348785373 0.00152812155874064498401023298437692
0.0324627953091884288911731070424584 0.0013967081731885073215009395003638
0.0315042349216220704968758727499773 0.00127659568871856584050301586663457
0.0305739736719394631914397562467863 0.00116681231876907543077501375131693
0.0296711767790005284863040879035893 0.00106646983690816398511145507928196
0.028795033996947397890143614093236 0.00097475639277097661020765117094929
0.0279447589057294990349972825214585 0.00089092994544296557252937748124121
0.027119588220733191619043217818795 0.00081431226132200220597899365789641
0.0263187811212211079251772940433013 0.00074428342795015297779861866204555
0.0255416185969069046319626806524934 0.0006802768394442350382137735122591
0.0247874028124683751377472003807565 0.00062177461301383281087323135172871
0.0240554564898317467702641261753527 0.0005683033995330548975263416647374
0.0233451223076226056665908014370159 0.00051943055427961620492809120300712
0.0226557623174682276056672824214979 0.00047476063689109166950514997394036
0.0219867573769242945232829633434175 0.00043393221225077729911710327171676
0.0213375065983097975600073648504489 0.00039661492641522354920697462685001
0.0207074268132805349532607977459486 0.0003625068339560623153879280095355
0.0200959520529711970106622574514966 0.00033133195511387653426275963031224
0.0195025330430077508560936002488049 0.00030283804298953167783416669836524
0.0189266367123284607445835528808902 0.000276794542687911984850451749218
0.0183677457176210041533478214672064 0.00025299072601275068626990282100652
0.0178253579801027251922036511420704 0.00023123398648667351955242682420948
0.0172989862367817986043755222692222 0.0002113482810239025789051974832739
0.0167881576038428547704780363661263 0.000193172705564485074159938861741464
0.0162924131538900130017340738488131 0.00017656019323112495675151795075261
0.0158113075042720294870017828617611 0.000161376324386943792878463995704929
0.0153444084180749809079700887534126 0.000147498239041649615153159841201829
0.0148912964175095405601998200309452 0.000134813642800591630773428690240982
0.0144515644063266633947244658521156 0.000123219898229457910730943439310357
0.0140248173064246049749070234706908 0.000112623194442045054345513414431687
0.0136106717023475990400507224609831 0.000102937788022877876062544492567392
0.0132087554977924125161124136225629 0.000094085309267412506530386980014322
0.0128187075818215285933663953878921 0.000085994128070724686458550517665853
0.0124401775045338287595850727109121 0.000078598774339261846958355743157043
0.0120728251621783128714899768342144 0.000071839408244166085302064647029984
0.0117163204934176575862062910815686 0.000065661336063795165923648273426193
0.0113703431811653754338270059255435 0.000060014567600559955732958966178461
0.0110345823661594595427742034801233 0.000054853411711220849725691982396253
0.0107087363671658841530032836191174 0.00005013610658927417260147018530768
0.0103925124115501981766723042608146 0.000045824481872716084583917470194753
0.0100856263695398519401087357092768 0.000041883649750650892848388696743206
0.0097878025027111841007365049546592 0.000038281722719320254789688456911235
0.0094987732130308784483818395860418 0.000034989555521373718697187172220149
0.0092182788040501948398743268294251 0.000031980509338294182719617796145055
0.0089460672483768976051079749086605 0.000029230236249026759455552393409716
0.0086818939598575756457420239357654 0.000026716482202698613871435023073789
0.0084255215750173501087003769703798 0.000024418906961303361732728033473468
0.0081767197383052781653547319738967 0.000022318919502184297173906404464659
0.0079352648959242245792128092250414 0.0000203995275966125941530632772768788
0.0077009400975274460070517284066396 0.0000186452003352811822539448729624204
0.0074735347969664238720024188365622 0.0000170417424243953207744131765690388
0.0072528446671095813093210060642542 0.000015576179353883925069008310925784
0.0070386714091758927160664252117955 0.0000142366523666358670736299883229914
0.0068308225886331627438164204308966 0.0000130123225926633998695969900729774
0.0066291114463400788467075553665953 0.0000118932832440356448627667435054107
0.0064333567390819152840857777540808 0.0000108704795079391082583254897763262
0.0062433825764973158935200488909039 9.9356352757805171733733019464584e-6
0.00605901826622820573796323009851445 9.0811861892721986632559879443702e-6
0.00588009814806494128200358245893132 8.3002183744304507118559998924372e-6
0.00570646145876501660182429115364786 7.5864125630113470232707114505516e-6
0.00553795218235836486905610478772148 6.9339929331177519511505240024494e-6
0.00537441890724662495079847727840753 6.3376803641237822592929102268739e-6
0.00521571469662070942444058483780439 5.7926497447113422694862314699836e-6
0.00506169695197395190885500844581303 5.2944909121608030226411651820418e-6
0.00491222727799419156943189471941602 4.8391729473649608089338549913268e-6
0.00476717137861911146055070949820067 4.4230116219874486556821234587269e-6
0.00462639891484529264534951133574862 4.0426395196963434568546910637216e-6
0.00448978339639815610583791879904593 3.6949788174992021438856298026898e-6
0.00435720207681686809956833009029615 3.3772164014223183663587166957729e-6
0.00422853581948158466114612605506666 3.0867810458760132008063093132505e-6
0.00410366902856879611446370753732985 2.8213226969281911804898160423695e-6
0.00398248949171069746578082810902293 2.5786933380467890344236292087817e-6
0.00386488833185500177444214159899375 2.3569297240964270891878411699528e-6
0.00375075988881223716266699526067189 2.154237446994252229864251363167e-6
0.00364000159817484921872830806314944 1.96897637316875594681301492623533e-6
0.00353251395787383311606998230668977 1.79964747425003705086561717071876e-6
0.0034282003737093911509224405025473 1.64488058753063700747455780840859e-6