1.02129715237928835312684954670764 99.207054050084032897491429808934
0.93838862888401103330554022568872 76.318074905793462082688833284588
0.86316990818754176510172737853189 58.82630941551096659442390390445
0.794859277521827613236887557213479 45.424895715806014696903157027576
0.732751933201673904876025001094857 35.131387141130728337117316271241
0.676218981019068181407440407126726 27.206418141279234896158199027015
0.624708955255573646528784935216773 21.0928732139619365616033822368674
0.577751790155567832906112125480913 16.3703083495166290929484399165922
0.534964811828090073792988208343266 12.7207276857467649343290723967449
0.496059712985822065219085815045143 9.902832428850819533818459496224
0.4608485753783321668426185429939 7.7326222760420225633123354698734
0.429245855929834503141940932671186 6.0688030638056975551498353145057
0.401262142985932306958229160426908 4.8018788038926461787745479235778
0.376985166836108332986396193939095 3.8461069750790252039645974048212
0.356545254170423304264906719437786 3.1336902567937822717296354735796
0.34006724648448249971811679201036 2.610685099305070560147706550265
0.327618192552753742437325781657475 2.23415882014686561754032476090749
0.319165982847625937860680132015039 1.97016727828704697376558960008961
0.314562985754889688022192717136054 1.79219752491472974582338999187483
0.313558960917836416469751521991611 1.67983670342587871981618540113451
0.315834825535450657778723274743788 1.61755972965322893938236893849615
0.321041935856534191471236774530108 1.59362651015860886584659716396947
0.328833712990310648356337617033875 1.59912040194948929681751733091348
0.338883749182829358629426622403385 1.62715514771084746172964900676936
0.350891237451439424515489601195141 1.67225555891000118577517869761822
0.364577915998173073792297930304407 1.72989837219213477905119987516361
0.379681102697390295277727104146018 1.79619049028395406385949586482634
0.395946311498382185597899349011734 1.86766008869789080848596861696302
0.413121558228605446950609559263462 1.9411376942358348362484471587629
0.43095431109790663667821328828716 2.0137064843236325523526163176916
0.449191238665407001556569159601088 2.0827026589927029594933048283262
0.467580406079742792941967547499103 2.1457479123292416533605996333656
0.48587529040248695311503563968606 2.2007973519158038822019034501999
0.50383986592007899160726824935279 2.2461882215490041238764912164589
0.52125400871748492968527938114439 2.280677713565544034689273949224
0.53791855560363532159342558490442 2.3034618835512319540974865386911
0.55365949793267956262660047003065 2.3141717769270620816411101809534
0.56833096812844173860032808558424 2.3128467808855086694051881711544
0.58181685888122332853419722314177 2.2998884013786310777130800324291
0.59403107904885952566177921204319 2.2759997848224197170700494683847
0.6049165799865892349577268681821 2.2421172492305357140547159327755
0.61444337321905150345740054252908 2.1993399763097047529321049197084
0.62260580465821473539998965667625 2.1488631160443285459154255294952
0.62941935756252836095109790368461 2.0919182033323894112924462216086
0.63491723521820875731435940664748 2.0297232982774035124614250678212
0.63914693511239778404271121495892 1.9634438817568967078530752681824
0.64216697859815205690676603661454 1.8941644165866419538305720870318
0.64404391124768754219321951198073 1.8228696844805005447599361373401
0.64484964449774555840874886213692 1.750434525424225504976442506673
0.64465917176515922958535729813914 1.6776203917218629216744112171946
0.64354866314514183156065243356354 1.6050771181720909028615927226588
0.64159392196197388998915782461959 1.5333484348304972541625032949796
0.63886917288254455098599152619016 1.462879950466358654561926031524
0.63544614372605376470805918824984 1.3940285674501416644624479833487
0.63139340008844062999182060001333 1.3270725204394604698135764684341
0.62677589215074651031452985912179 1.2622214423577278498111867305578
0.62165467543920345683235045146258 1.1996260417383869437065125192172
0.61608677096290822570508258319172 1.1393871222976217013211426490859
0.61012513442763127124051599540054 1.0815637898153355018388121574671
0.60381870862232106550601352269215 1.0261807764450906520982846616979
0.59721253732174398206668526383676 0.97323487322474991330926227925344
0.59034792294610265632330185850135 0.92270050251126356656668840762885
0.58326261367098357291040686951661 0.8745344877729318119306441249385
0.57599100866453467171269777563816 0.82868009255332604827397537647717
0.5685643726655240051696025764005 0.78507040671710483584497543919429
0.56101105319738492590296729759611 0.74363115864228109787087898439639
0.55335669543277380879145713126856 0.70428302900752835386973361077643
0.54562445110384699498613865012276 0.66694353654377527293879115071029
0.53783517894068476379484707312744 0.63152855960996386265505376919686
0.53000763498437309598037593951113 0.59795355053144298376093964384927
0.52215865177811916655021972640626 0.56613449268450778782357811983876
0.51430330594290436557879419460068 0.5359886436989865841833720050046
0.50645507402453598643002071283563 0.50743510205328557114948187787358
0.49862597676448363260411140416507 0.4803952287848663538473022177477
0.4908267121468471950303216543705 0.45479295115569902074480570332143
0.48306677770475734545844637431873 0.4305549708134755078039244242741
0.47535458265435711625171332162101 0.40761089527155810260657824742126
0.46769755047329956426424481010818 0.38589330834076800195201560321668
0.46010221256021849830912534718841 0.36533779242490516089027280577999
0.45257429361943761392909780511962 0.34588291330990061025772791822621
0.44511878939505340376571836766831 0.32747017612498169694859853515667
0.43774003736581020225545985202225 0.31004395956145338355522688555916
0.43044178097378429795018466272513 0.29355143406584906906372387209005
0.42322722793723392874631353399183 0.27794246863163107180953428038676
0.4160991031540895932104216682486 0.26316952987185094631944598370576
0.40905969667395289882896859264764 0.24918757631261597897107314341382
0.40211090717846958477046198727275 0.23595395021960128839181386809802
0.39525428137478017816564341322828 0.22342826876148166868612437314375
0.38849104967462155406804721377107 0.2115723159033561906117122354507
0.38182215850195010173837157977463 0.20034993609158425034538213245624
0.37524829953996977358064996587303 0.18972693051713883014736432834095
0.36876993620170786463925851774387 0.17967095652980006960644885283335
0.36238732758570534739553861899804 0.17015143060689369808189296321739
0.35610055015023082740644483138397 0.16113943513587116324407229749982
0.3499095173206569469217542035991 0.15260762916668133930329363314802
0.3438139972260171104777875066906 0.14453016320678976222354377326977
0.33781362873947514190847986791086 0.13688259806201028574759036408826
0.33190793598331671011400844862827 0.1296418276799655236219322989932
0.32609634144278651242100452849759 0.1227860059140197897526809598033
0.32037817782191018691372050594949 0.11629447710102789688762277324002
0.31475269875669364759802833219529 0.11014771032064556314800887667896
0.30921908849692637919418818586581 0.10432723719905263980038637115192
0.30377647065104533077902941441756 0.09881559310425534875938970091129
0.29842391608539463345077935012567 0.09359626158244147414364648261581
0.29316045005374941994190504082659 0.088653621876177096370726495970867
0.28798505863338493995981635849846 0.083972899374300032160389340947304
0.28289669452949672783316253732125 0.079540118838449432168219674494122
0.27789428231063329058669708089041 0.075342060261820210538261558420598
0.272976723125470330666393613650072 0.07136621721437737251461916980786
0.268142898952603516674917852536954 0.067600757539871260482871758946452
0.263391676423761963953999164079973 0.064034486270207517625025153451107
0.258721910264280725666045409704621 0.060656810634917660855374188973527
0.254132446383932302066348618288935 0.057457707043980816366304872722266
0.249622124651463124076860670571287 0.05442768993139083383923973234273
0.245189781384052040510616910870504 0.051557782353337785391442792363631
0.240834251575109079364463419787594 0.04883948823735574426151275170318
0.236554370890035466211338485501392 0.046264766190247912350024697223863
0.232348977445426150140649849872759 0.043826004770372458496246438843909
0.228216913398023225982947877525424 0.041515999143281511964779035717477
0.224157026356979433005785730798821 0.039327929037868580752365600139127
0.220168170638909136927585364855399 0.037255337929535651229666907613074
0.216249208378096052395191450633319 0.035292113378127438401368267997234
0.212399010508074197793388695851652 0.033432468455477329158633357053562
0.208616457623860690190282002065904 0.031670924198404212683641721481555
0.204900440739986753896971055950891 0.030002293030254075318709482965119
0.201249861950437297959918636572277 0.028421663093672314749282684004037
0.19766363500057977151862073788592 0.026924383443145157611947284096942
0.194140685783804327206815458914237 0.025506050050202799474789639363824
0.190679952762078049161045586331984 0.02416249257173623961555059368853
0.187280387325491145119569341695324 0.022889761841669438433924604800412
0.183940954093731611511866757478603 0.021684118043791757267245971219381
0.180660631163129257867040268656371 0.020542019526781502870443520071422
0.177438410306047385763927111101242 0.019460112226115833565376991111008
0.174273297131783624343427854273243 0.018435219660407937362276419803756
0.171164311202824346895050250031559 0.017464333466725608736408321110314
0.168110486124128020120321245139421 0.016544604449425798409106757794518
0.165110869593272658215893794634901 0.015673334109142770047584532518139
0.162164523427646283281445323418236 0.014847966629445169526097652623389
0.159270523566224659589759782709199 0.014066081294245941921618484626248
0.15642796004980617915761489477609 0.013325385312633033166358535370685
0.153635936978028433897818603197258 0.012623707027738842834270560566187
0.150893572447824507580560231175231 0.011958989489390268733766860055043
0.14819999848458988003370047897091 0.011329284372842131446834652703726
0.145554360951201667526851780932563 0.010732746220662959432433305686632
0.142955819442248789399715763339197 0.010167626991795444730490628306596
0.140403547180786978220696730116694 0.009632270904473234065484892347442
0.13789673088467817011165041990375 0.009125109549709979147246159390461
0.135434570646209133570959736770938 0.0086446572696977303099576796738198
0.133016279791133845456461205081479 0.0081895067795055750911127499730233
0.13064108473191696621786031185918 0.0077583250219226333220656402470915
0.128308224821749509153355143274571 0.0073498492438395881651304137865517
0.126016952198354340692247941469357 0.0069628832800855313629321614297113
0.123766531625424472393992646002794 0.0065962940349061585901751200401635
0.121556240329422362694513638332348 0.0062490081499769739365545017596553
0.119385367837307062572500208761186 0.0059200088497385495810828835898113
0.117253215813998067697980060413054 0.0056083329542081785985954665084711
0.115159097890057457570379671166028 0.0053130680488820183142414134757575
0.113102339484491934662798095420506 0.0050333498041616633001631131701127
0.1110822776518777502065040273405 0.0047683594401241075934340690388635
0.109098260895831570572961655947679 0.0045173213209919440077635624055686
0.107149649008197121813675700829181 0.0042795006803094409377673014043812
0.105235812895079774278530128487889 0.0040542014647065609654869567822675
0.103356134397787606389808780693411 0.0038407642911309124354128639675204
0.101510006146952741854392255440482 0.0036385645157214375949993201574966
0.099696831356728221235773378337364 0.0034470103980154405018349819930201
0.097916023691911876971614464568263 0.0032655413699715123105731364873526
0.096167007089496392730999562607861 0.0030936263913310288538299122165715
0.094449215578221771978933215979994 0.0029307623917168162890580123775927
0.092762093128699211239171082226283 0.0027764727978269634670887278462932
0.091105093495370650162323760798981 0.0026303061373184436788247358550162
0.089477680049299789862711690969985 0.0024918347154106964856832242086075
0.087879325607976064723408502560655 0.0023606533610326428673614421375789
0.086309512299291607132121706474222 0.0022363782417817065306638672681047
0.084767731394065898269230104512429 0.0021186457386242671863017661933334
0.083253483124110018940437240799668 0.0020071113789161407904656134571659
0.081766276599813160770461718277707 0.0019014488328262182686625906608971
0.080305629580400551411663573595261 0.0018013489518378330067550882113733
0.0788710683969442194582798781211 0.0017065188686173451041716819885577
0.077462127766809761162086054726805 0.0016166811366517231860021929761124
0.076078350620709739163914294438837 0.0015315729162945206178720849832427
0.074719288071331958160628006597991 0.0014509452121193868233083391431174
0.073384499090295082493382863604469 0.0013745621329128425171391179146173
0.072073550630641149457998255997677 0.0013022002163919549557207944352617
0.070786017163435063470330910423622 0.0012336477564524188931968590401105
0.069521480849774500601626363249894 0.0011687042006256565129199633844656
0.068279531220737103833745443537303 0.0011071795526939635448975895348154
0.067059765116565536853605222706272 0.0010488938203769161029017480642876
0.065861786548263796523855174994621 0.000993676487968560468529879975389
0.064685206648337586219483056917607 0.0009413660206437385054434465894323