1.15504719278930393508909591209959 144.905165239917664746749794360255
1.06231664455858152332983896990303 111.997216478790449574969706760023
0.9785228286188103864160132200415 86.865987554927705052870089655629
0.9028229876942488774146305267222 67.624802321787976706958165509856
0.8344588494768816187692993750836 52.854131179070351535686393017735
0.772750905204779338119953250470694 41.484468491222437756610277538531
0.717093866910771151952684911292263 32.708836419188631139818886390463
0.666953146207516472019045617311748 25.9173581034189352258522346217726
0.621862080118305442499778857480488 20.6482804055549213541788304759124
0.581419472070019809532601771587278 16.551267280939415809986995216124
0.545286834270551002632147896973617 13.3598572039281850223732735106771
0.513184550404994983513617594260863 10.870776292945128446627126576926
0.484886095413483569681801031240919 8.9283923097212639260572990412862
0.460209551784640757519595803778872 7.4130345373203383083466152905999
0.439006051778744334582595164276766 6.2322284135850369698940470894412
0.42114549471663340822792723495339 5.3141303389778587383054556058946
0.406500832738612037355378945174834 4.6026199716328910481727217623764
0.3949330809674330358275441636335 4.0536332569273274856843758330018
0.386279554921141397307700175239048 3.6324146641905875424972782533337
0.380347345848700226399482949554132 3.3114428623513158749382516309253
0.376912775918540376614134432404605 3.0688468852414674574683022573127
0.375726039259058321961577368015889 2.8871818815131647298101295776701
0.376519107318678481076906205974204 2.7524744590351767686518285719712
0.379014674356818265024890833572276 2.6534769640257227645928893510208
0.382934383369794585184287486502002 2.581088776235630348549889892755
0.388005408984901887795531015604878 2.527913324304563130339410993435
0.393965254960473097187958491155845 2.4879250233524489329839881526228
0.400565107233060816971285237081824 2.4562232711842448674905420760784
0.40757223981898108718329693836538 2.4288527207053486675239543492507
0.414771898262275833744895111108147 2.4026711938886571998663788124174
0.421968910629245504919517758257838 2.375249187505722914011863263019
0.428989097737958553276947023368997 2.344787978927004373766580722002
0.435680426446130374019903203663235 2.3100467069890226216582595301303
0.441913788961690221212454283972758 2.2702721989340309616399491955678
0.44758329000115682846852981746326 2.2251284216469249708691510558019
0.452605963509637843022578869022159 2.1746249723964527774628110073374
0.456920900369090702354124546811894 2.1190458090918055107414926183795
0.460487829743147985345250839271572 2.0588804029884815756959537728041
0.46328524663542166189626070767249 1.9947597558986505671608200632116
0.465308210176646837662017136641275 1.9273994299274510551817016895461
0.466565949703791749811952629411983 1.8575511028093297260926068970472
0.467079411271643558872006755169687 1.7859633917135568280792962372306
0.46687886035548395191676124221649 1.7133519469187651802755512365008
0.46600163229842921235494085912406 1.6403782107038167844043304459345
0.46449009520976853231745289935848 1.5676358159126710069342607458881
0.46238986415479659050428785764429 1.4956433670533393764422695506687
0.45974828297157503433717732936235 1.42484227885852190527879176581392
0.45661317211882849491122940846788 1.35559840269257837647173706975809
0.45303182790070068288218052916785 1.28820630705584602939648275831674
0.44905024989066239972334079121354 1.2228952564348072296892507514186
0.44471256869836960649920157173041 1.1598361231000835200312681643173
0.44006064455688850668631912386306 1.09914864862133675471122393741739
0.43513380771890042100053394411241 1.04090863353371612459587390155674
0.42996871360740264599518257754326 0.985154769046571875201657428045
0.42459928846795876402135096284243 0.9318949327901629491035629043867
0.41905674445471652836695132611029 0.88111185308321523514613717284087
0.4133696463320372059152584159433 0.83276810642425638399162432173064
0.407564015066990134237124322052147 0.78681045471240129018469130978505
0.401663456405081635877215436276945 0.74317355600992308246255742009881
0.395689304994164576741461553537999 0.70178309893466426031827757500861
0.389660776736398673545731348640845 0.66255841901946680742981733800302
0.383595123812919985949486576122944 0.62541465798255921638680450997977
0.37750778827368028585992845452136 0.5902645257166607808590941609546
0.371412551246149667147199447583157 0.5570197212977011297315950330616
0.365321675737784139133632715444492 0.52559206449620413904344958248817
0.359246041723119114056588442138309 0.49589438384065194234601317070443
0.353195272753067691372314573890857 0.46784120171953934934932134951775
0.347177853735650641184538672376558 0.44134925163865721825709714820154
0.341201239840363572019153094035294 0.41633785775143115362876480122623
0.335271956692669687733351274609839 0.39272920223886631171856355908148
0.329395692177327843886271935499434 0.3704485020988489757196462648401
0.323577380265390233302116270134012 0.34942411337288358353150439971417
0.317821277340363268144884764135915 0.32958757779882272843343471728358
0.312131031530394424890036535203278 0.31087362427621097093641657105675
0.30650974556091600333935896971995 0.29322013531565526496173353720053
0.300960033639676195002318638157361 0.27656808679293804417604788905495
0.295484072867971494377788518188337 0.26086146776410037264079983813639
0.290083649650141609457987778864895 0.24604718580467365790094172556384
0.284760201546642046933593889816747 0.23207496226268991807456366847464
0.279514854985951670195881416577877 0.21889722092704793506420837966305
0.274348459221208293927131946513924 0.20646897288727402884864600309954
0.269261616886452075046765759339615 0.1947476997628867149064019229237
0.264254711478741240431308231022428 0.18369323699699659826705789331906
0.2593279320640345518161004602853 0.17326765851394399519142488479149
0.25448129547785108963455176780549 0.16343516372150256376225752815444
0.249714666268096791973853761935975 0.15416196758421643561050268268796
0.245027774602595759891884684958491 0.1454161942852692023630479802478
0.240420232344699877417932517464451 0.13716777483481860618981232879922
0.235891547479160571203174188995198 0.129388348849751896235359947875278
0.231441137053525329451455819187567 0.12205117062977696145325748165496
0.227068338784357762450304619979721 0.115131019575703682700205871186923
0.22277242146196839380545882367487 0.108604114933120848969458541398109
0.21855259427470474965608120381064 0.102448034799424190791134581190869
0.214408015161777644722919724785322 0.09664163929733110837957989090887
0.210337798292220787815709052509432 0.091164997792014647220693095949667
0.206341020758577844624175783973877 0.085999320012339869349650237268022
0.202416728563717188814501784628054 0.08112689092299390659497088340311
0.198563941973134006687822937720041 0.076531009189648752731440213484174
0.194781660295726602395967786021656 0.072195929072845437359743687780856
0.191068866151538581398836552802433 0.068106805588026821711772389538956
0.187424529277717532013972155061668 0.06424964276873415170848109663352
0.183847609919702777597430729960344 0.060611244874137665370120459428733
0.180337061849143605796713683378515 0.057179170385338664025730100605015
0.176891835046653120070312713608674 0.053941688640785676352110391776844
0.173510878083068904288264793404423 0.050887738966063971098854889652128
0.170193140229562798351527175196348 0.048006892159440288844970267998003
0.16693757332451323583370278979136 0.04528931420128720122731427150069
0.163743133421355264336829118175705 0.042725732060913855443788827151419
0.160608782239970679188875209685668 0.040307401481328754519140411172628
0.157533488441238588687199423182939 0.03802607662801341375801103856348
0.15451622874304830221782027871049 0.035873981494370414074989531051394
0.151555988893953369550541615551584 0.033843782962053173704587556589264
0.148651764519014957381503694436746 0.031928565420007085159567668862463
0.145802561850301058121710448956419 0.030121806851065760396134730135877
0.143007398355528927306659464437715 0.028417356301622026049051629241923
0.140265303273543357751714509804318 0.026809412652402219363815771030027
0.137575318067273916923315865119552 0.025292504615074360687408224719516
0.13493649680310193560499895660798 0.023861471883238611547011254127544
0.132347906463201766246086261841992 0.022511447369720217471902154165061
0.129808627199151156645372209879384 0.02123784046747195378616509312202
0.127317752532121990183834606271536 0.020036321273834618617468331860179
0.124874389506478782682987952607086 0.018902805722556077707656548209175
0.122477658799795213393527246879097 0.017833441569695510207570283895557
0.120126694796541021591840493813155 0.016824595184958002278616025665681
0.117820645628416052734772832903879 0.015872839101033633455611922266519
0.115558673183206218111408334941622 0.01497494027618098840414135373091
0.113339953089501344671098208437626 0.014127849030303882761111284699349
0.111163674676470089509146399743573 0.013328688613920130030402611009649
0.109029040913786390537993770186248 0.0125747453743254270129089865820448
0.106935268332706977794835025010234 0.0118634594838677888270247084906766
0.104881586932624686283214710639925 0.0111924161985828889079201127238646
0.102867240071108706971031979420684 0.0105593376152557456339210987101686
0.100891484344680210621027113991766 0.00996207489995959312082958027166
0.098953589456530721663569046760979 0.0093986009591854837907976508673994
0.097052838076854619190186312576352 0.0088670035294090803642730525887987
0.095188525693319449567892944112363 0.0083654786599367775471930681711145
0.093359960458406457565484784711159 0.0078923245679697373802061275106716
0.091566463026011604921866639919856 0.007445935842217486566099166526387
0.089807366386509696337251428455353 0.0070247979772864534858321547180247
0.088082015699454209908542834811333 0.0066274822193471109542758077358275
0.086389768118667109833663847177112 0.0062526407038864161735302208289307
0.084729992618583377235377640118217 0.0058990018707590974432980348545564
0.083102069816396115382753400225218 0.0055653661392953923042420381863727
0.081505391795503834917518924622632 0.0052506018296707285801374610979531
0.079939361923960936803250796611237 0.0049536413151059583551663486081637
0.07840339467781625627048096670838 0.0046734773935852154376827284864661
0.076896915457799601406819752864786 0.004409159864313652101574341599032
0.075419360413675284873185063701129 0.0041597922998059657719488949104912
0.073970176264618920721525768953672 0.0039245290002911988104044301614786
0.072548820118295441710745569519589 0.0037025721205843908123528335062931
0.071154759295210040171753789996411 0.0034931689606079454693873304478031
0.069787471158947979822242962867459 0.0032956094101720208325153378058053
0.068446442932598821158504688385528 0.0031092235363966663146527898776755
0.067131171531848192877701804482084 0.0029333793100930838868979272371808
0.065841163389255195535416060212678 0.0027674804595385957915570487228806
0.064575934294437325078656586344124 0.0026109644476848708405830327819204
0.063335009219892065053232158011941 0.0024633005618760976276180955970415
0.062117922147484078082222446653758 0.0023239881117852467718256129777601
0.06092421593185015339911099308849 0.0021925547333491611443499607593779
0.059753442108137631897507523260795 0.0020685547822594281653533270984436
0.058605160754711351505935871378204 0.0019515678242871250243596537726706
0.057478940329032081563378455636615 0.0018411972079192595512395428385887
0.056374357514660939579227092271638 0.0017370687187693606739950386424095
0.055290997070410021070653395204521 0.0016388293101396823144401695637765
0.054228451671308422830829719583992 0.0015461459045375502952196911003677
0.053186321786241890805974425828209 0.0014587042660042007296726230012028
0.052164215503962927892144512038731 0.0013762079316459328761560296495303
0.05116174840836132459667340101827 0.0012983772076268598431326969436273
0.050178543426814672607340431578529 0.0012249482196008802932286622558671
0.049214230717020969263512270160508 0.00115567201958097298769558942667933
0.048268447488136180910544996205479 0.00109031373844030998811625700623288
0.047340837924503470045997316202159 0.00102865179342987169081682744001941
0.046431052991231755424272366889972 0.00097047713233161796826010579353346
0.045538750363017554420418635759552 0.0009155925283856022038515112296927
0.044663594258200759790056102360108 0.00086381190886519733049456283943644
0.043805255333750057318207493589811 0.00081495972533009718698656998625405
0.042963410562598733658908899649293 0.00076887035825111987089849195851733
0.042137743107977399568005041938695 0.00072538755506178021358862619726284
0.041327942208706881275377029853811 0.00068436390049480144188575381861256
0.040533703043873571175893106083854 0.00064566031577111900223847364330451
0.039754726686888390419110929136437 0.00060914559029697888168994163384998
0.038990719872001852913306705277453 0.00057469593092644781498530660094794
0.0382413950602281261583744283005099 0.00054219455032389365765704818122241
0.0375064701377860156437605816467225 0.0005115312621774222841337026730357
0.0367856684410449824287972588822711 0.00048260211349701610129641509730717
0.0360787186337675717385452518615645 0.00045530903112331504175423924164346
0.0353853545418446312092125231747203 0.00042955948675688163436220268450912
0.034705315133678569041629354994133 0.00040526618637833440178578760252524
0.0340383444214898998136507972093848 0.00038234677400911383037157314734642