0.90741454665568510247441669566642 68.827999674732087056868909952313
0.83073250973420782311478937390569 52.273763575604312739434737060916
0.760329513954762595259284412801359 39.605201166885445805130641726931
0.695401822339015006002099799567888 29.889535743370173869119222205132
0.635214194887554508841133182423211 22.4276798094083916561354998376549
0.579107924016373361892053870708055 16.6955086746043883794460756145253
0.526515649749761373871616853528819 12.299633785924663558951745943312
0.476984376149165649957381286014673 8.9438810336253943890947286477507
0.430207941563223257723048959350365 6.4037031140599618779471170986641
0.38606915805232338316125737076869 4.5065662888148369461277165996748
0.344688514157331306494856541315084 3.1170064145791530933613847917894
0.306467972827481082330954558783187 2.12556945070834430057272714792066
0.272101809939348307354011603273475 1.44122426796757657619283213318832
0.242504904488367923896766136881799 0.98699644255392054336854357454554
0.218608722034345863071867765143537 0.69839623633543661402092829199256
0.201047580666524177574941399993843 0.52363674774584560731146457660803
0.189896611329801457290185849527002 0.42401910658643283972890164133112
0.184661006192266911164896957073962 0.37304747946776730246605603910932
0.184522920280588522874932898949889 0.35406570407950029193558755811525
0.188644400311533470515112004364091 0.35733349830059351680397061044351
0.196353021782231210025028684268561 0.37749996601806873848271164432214
0.207188973741738052913673760065855 0.41182773392731029727544274123262
0.220872663539834056099951161361855 0.45906533444457318359489210264374
0.237247329755723765140246761198134 0.51874332160688948704663879915488
0.256224040412639206116150450892062 0.59071493526924057370154062840233
0.277737853546312358468216051871535 0.67483583206710465265609462613436
0.301715805097990885142646366713009 0.77073182906768937882220850684085
0.328054929354211918916231854754152 0.87763478192499782568761257391317
0.356608283761229956556108259960022 0.99428131294114892123703801673683
0.387177383637726691684857646161543 1.11887372539543315192690027661477
0.41950995388474121248531440806885 1.24910171821442598982094525087874
0.45330225888047570758963539912781 1.38222028207857909001342416510508
0.48820541929250307406306407398221 1.5151750068326016660142599261195
0.52383508756866994493366916411685 1.6447619082293258239498938521239
0.5597837018683587838822519054879 1.767805546029460066109565280314
0.59563435954594172758949833698003 1.8813373859798337686672831448506
0.63097522689931251054978080727656 1.9827566489435174413903069690593
0.66541338563420864809062762006327 2.0699585144605501045099196440136
0.69858712629773784131663694715127 2.1414191952249496599792743012563
0.73017591867003770788828781975307 2.1962332672142335999365422028472
0.75990757879645739418163336499606 2.2341046470438921108948907673493
0.78756246194750622634978972897873 2.2552977084247739774354459999683
0.81297479378730936626008612217246 2.2605584869791215444215151196762
0.83603147443649762531394565488367 2.2510174450337312643155299702157
0.85666883497652662139569457987005 2.228084996886812686184434073368
0.87486789213307171048274327937468 2.1933493740052534271997202655383
0.89064864535761375488805870851916 2.1484840137930269987267316647613
0.90406390890805876977567669089475 2.0951690349495370172691401474646
0.91519308924095997901792044534663 2.0350289415633957033244186091735
0.9241362225420123226916417537631 1.9695867356840453252510708763148
0.93100849231294264667069165513955 1.9002332189265611450049528862951
0.93593536156643026065207383108892 1.8282094126807791128294255312664
0.9390483836035916737951775507661 1.7545996400568863944145812636722
0.94048170082065526294375193207824 1.680332771921244289702567317847
0.94036920230650613147213102981464 1.606189329592367896849574618759
0.93884228585099740385293885309406 1.5328124548181837274658406122347
0.93602815595701150241577381984431 1.4607211272077938787205490348312
0.93204858376717918133496134544769 1.3903243767016288928481491161021
0.92701905524560099330662739244018 1.3219355727995488487472027145599
0.92104823808968929474043442131649 1.2557861553746812983032571143527
0.91423770451575300394751026341708 1.1920384013725023504011456978175
0.90668185480878908717535878746854 1.1307969984185393950604940412475
0.89846799401429749729123340069494 1.0721193247695888453684228918332
0.88967652276698949757768377649855 1.0160244303429485371693815847758
0.88038120938120800197257586539045 0.962500770622513440205854129761
0.8706495167252919702792349959317 0.9115127834197287522928690261127
0.86054296369705278033380590420989 0.863006421325255436412715266231
0.85011750450904210980826704508687 0.8169137562906173258313011123627
0.83942391500744135020053112165273 0.7731567789333781480621138977233
0.82850817130429689950076920598261 0.731650489109296824691431821938
0.81741182662265998747137537611142 0.6923054163364999833190611653533
0.8061723588783559562114191790727 0.6550296009420563231197636665112
0.79482352319689756278082782016936 0.61973021562364281949640232111287
0.78339565769109768813700195663968 0.58631477096622163950657689248157
0.77191598960293732755228970225008 0.55469208794228640628916092284769
0.76040890672379893865461555578068 0.52477300357650010300326674438423
0.74889621029203695608280645459855 0.49647089397466610392375341215747
0.73739738319984809456372509642204 0.46970211332927492739534363485421
0.72592976018894901226904600249905 0.44438615112563705928168950129149
0.71450874629534130567349037073873 0.42044583071464556226288357662736
0.70314800959088778659056245948355 0.39780740776826120598057213780459
0.69185964315700993213163562920713 0.37640058072687718871575821183757
0.68065428360911259259769357512443 0.35615841245677301088887006708471
0.66954135286666351005134280258392 0.33701743602354165004677398622386
0.65852899542834592087410943967655 0.31891727398433179476769133852378
0.64762436098307062935110942354599 0.30180080279878279947980619737683
0.63683369938214676499122133225665 0.28561400911552308004392565311705
0.62616229073421425053870899613714 0.2703056413191213625508099959192
0.61561480049678269929306797492856 0.25582744619559454880518553043463
0.60519497456749968688300901566049 0.24213354242172841510679655029064
0.59490614132038103538767342680125 0.22918084181080706487496691503716
0.58475095128751598833263972463339 0.21692851409343576892341068236757
0.57473165208918560321645795398133 0.20533811999453671071985031806821
0.56484981529146590916705921294363 0.19437313339513773658767709288508
0.55510698993414030330991851096737 0.18399947063704777432134024497744
0.54550380370084654909228811014375 0.17418440405394566077740508804312
0.53604126038683342005144069793237 0.16489771744942222085152847143678
0.52671950672900552454413146605723 0.15611035356607623340459178351156
0.51753848768984147183683539549485 0.14779494803459943613861248061243
0.50849803211687325894407515782238 0.13992577295738342568255691143565
0.49959806838470384899910090425073 0.13247878192976364899609853297639
0.49083768554153791055450779523666 0.1254307458483072761233947081782
0.48221637424844307503268113422163 0.11876017092645355301638920067645
0.47373296284454576809213205037874 0.11244637497030480883293106331059
0.46538694056804151595298845491991 0.10647038361049072957100765049408
0.45717688562819402680059309200966 0.10081371445705599301650113472869
0.44910143206924072478554497331682 0.09545902341750620704709196078828
0.44115957663536578038924556914735 0.09039020736671949318172962720195
0.43334985761554847647470964259721 0.08559180564585821744771293818744
0.42567066183069922247956527149817 0.081049161921686927799238245392
0.41812038600230267665939581311869 0.07674846815402816214414271446433
0.4106980475595467855331957199878 0.07267703149440234131430054571363
0.40340164161379370118614812485682 0.06882232262584605644136999322082
0.39622949667994105812177693002004 0.06517269563572606962093332120501
0.38918005085692871137999892544618 0.06171720567884411296154195038938
0.38225154875978400610522186799095 0.058445420065695608949630579259347
0.37544268913126292998220096403342 0.055347683834729122838381363254705
0.36875135542625294179228356718917 0.05241450737037727640350728531233
0.36217608786007428124220005777281 0.04963720396153113817671760335515
0.3557152086400909084231348484229 0.047007462443779334598394039399062
0.34936719272659446357961370748475 0.044517477924948795190889720616556
0.343128083788664718510886214353 0.042158963119082175324329367771307
0.33700058473430825261908393818009 0.039926516279124441902865350694221
0.33097719740975499416652754363367 0.037811386628376391808921506771883
0.32506245690359509007579266136911 0.035809446356630728891558380277404
0.31925315703559145389230429492649 0.033914133154771078690285086535992
0.31354086229712402124574001159058 0.032117671066733836861077945547856
0.30793173529779305452268300572556 0.030417209087345716430193787373695
0.30242252476904921348614728393936 0.028807144544780308972533805256049
0.29701055018583052677609323842993 0.027282369818663488380954786825026
0.29169322436594041260266572925032 0.025838097035380446140646850912919
0.28647054790787367299884837236072 0.02447047577689838840971126946618
0.28134036639774190960576523017607 0.023175287034342394524980393162359
0.27630199952811065875756503628029 0.021948896665655622533026194794767
0.27135222315520151929564183657028 0.020787256504459893561971503495648
0.26649074618746909419101813275855 0.019687214710565082565079909389503
0.26171672577728275509290789696831 0.018645640384443828754934476357683
0.25702663509201967053459301076381 0.017658999504393296375078316089853
0.25241851110247712106054622858337 0.016724290949047887595751490219423
0.24789501126265703771596835702988 0.015839563470264307095571373734936
0.24345132456736556584867484016333 0.015001514359712518355945684820262
0.23908698468692843051298963676939 0.014207844243749444976227182851749
0.23480058345328055742083299050702 0.013456195267220394403385358814679
0.23058988803736959792425010675506 0.012744195129625557921730424072094
0.22645460007974574017673169043016 0.012069916494346153183182930381825
0.22239280740930664172271648433785 0.011431267196578188103392238378587
0.21840500470132768473399074641492 0.01082662926115934812142277269897
0.21448803490706717664380929214806 0.010253920002359977576970638606403
0.21064118162395584823355572606649 0.009711526509281662165110858887832
0.20686313629633308924842033939003 0.009197832959216847579997794490213
0.20315231312571864433390324902114 0.008711271879359766925255026754151
0.1995074724468096616797995324146 0.008250403656317133137585948289135
0.1959281428425028777726303920156 0.007813954967953790838338497918291
0.19241326169256453282682081240705 0.007400641898682359432055973027179
0.18896134022141276442645863901223 0.00700919812235031584903830752776
0.18557083505490473997607348482695 0.006638420107126399248462349815537
0.182241314432024631935657880812086 0.006287285290367936340375171068354
0.178970337485373610540836515310273 0.0059546166408084389919505231569893
0.175760146330529565091014992735391 0.0056397607085074444669731911894465
0.17260644145127722218321809592936 0.0053414610328719104068199256985749
0.169509097252908238970239748285643 0.0050589272401207813697652488761417
0.166466902616064788708528936754606 0.0047913081739085776269018517969798
0.163480315276475575612161624364463 0.0045379368225726478596938052427717
0.160545797724338642022484389325152 0.0042978484176348375510431921564217
0.157665287606923877741175459811704 0.0040705706223560131709467671776383
0.154835461138686699066814041890976 0.0038552415868641363370463258589239
0.152056755075321427569841109766926 0.0036513309490851743601126624551746
0.149328393287037432034552866557263 0.003458242140374747458382852968661
0.146648394456570800163128285487928 0.0032753275985013815032532928889557
0.144016576527919693151904526416375 0.003102095897556400263513011887774
0.141431850314670421078771848040116 0.0029380200533425752366093264256987
0.138893216027202859387457988947069 0.0027826067298900303227843602657042
0.136400726336056237973536174659538 0.0026354496629637277890187431173514
0.13395277700907455697944453776146 0.0024960660426267091612685654264161
0.131548451303173877985754766719098 0.0023640389102137104219892453132026
0.129187137364168399573026723282709 0.0022389890288124723551851228311729
0.126869069197233678079092376582 0.0021205981035990735651577744720966
0.12459183277616210916605196988113 0.0020084314360912110825665700045715
0.122355050989097413835716014046267 0.0019021789451314296651102322720592
0.120159498076714415409741768317615 0.0018015965413948350213547103540903
0.11800250850667802176471074320945 0.0017062971756909501996829019423233
0.115884430624290662976106569621123 0.0016160474770192442335839835157083
0.113804566559536551200196622388397 0.0015305796864447344368512102892085
0.11176192530822848816756416669056 0.0014496283562837109735233967093725
0.109755937937996349026494931193941 0.0013729585599160784499406772584461
0.107785949523804505198244240204807 0.0013003439113253829741642153859403
0.105851312628251103655854808810618 0.0012315698456335917566513224983598
0.103951394359181285345538851906662 0.0011664332568871172120742704160149
0.102085571240779228021489580593059 0.0011047417186119995815981596524454