1.04259386368500882566577983817199 105.729087201162417376850225909278
0.95823988479113260628099675514899 81.433501830904011615759116785492
0.88179350769427962873875628352315 62.87008555687707765150069567995
0.812467190844897731599599122368005 48.650083810756368690236494128475
0.749551486285387045977082319439707 37.729243700507992377794058613032
0.692412974205049480582757514978033 29.321446328739952245744713086608
0.640494354465199556758249081213314 22.8341348125103399065390093962299
0.593316583389069904092837251824404 17.8199634747675215846228059803218
0.550482633950689469874291557548849 13.9405277319319548452766215354107
0.511681969320938218384092950923017 10.9391062420290159313721745969304
0.476694134988568454428673976340218 8.6201504177370476430131982535722
0.445389053596408009055876819889013 6.8338583100604555437731689047554
0.417720886328321154056764335260319 5.4646162665594023367026216962848
0.39371222762369175509371781090627 4.422413597703849309307232839383
0.37342671079173303028955625124262 3.6365547781653001184156617424033
0.356931447892963630533732714523008 3.0511310456703466520914657089512
0.344255643033082293819873049683941 2.6217946876230990522813410896871
0.335355843318963102622309881226738 2.31343807033771577629115107101525
0.330098205245058949112588226697187 2.0984474645437712279549763126333
0.328262373427889943151615971080328 1.95529324382961045776159704154374
0.329562973172466497106572650675011 1.8673204992581390855262346021317
0.333678730781081010834148218990711 1.82168933577940515010420336541989
0.340279016619348995773297267758749 1.80846212587092264310935149208229
0.349041791019980069782811910560527 1.81984720267597355923413720065645
0.359661924149609524093687574460885 1.84960071884090927049520976037309
0.371852115513459813095656644078735 1.89257645472499393762528521923146
0.385339701447761300704495592224293 1.94440521871079910259031015130687
0.399862259680801145647429873710176 2.0012822360423289550005473715877
0.415163980971099298640480912569273 2.0598407478228459244354589334042
0.430993828061197838547291757828911 2.1170910727784508861339606688451
0.447105761355432586710860597719463 2.1704057006910900955851196012056
0.463260813806448275281647248652333 2.2175324902467108188575116483351
0.479230510587258823665246387540464 2.2566200080408897213586955935294
0.49480100586995465436025137198324 2.2862417208357024591304199961507
0.50977730781432529097694279561667 2.3054091546564623165926772493786
0.5239870477380802506408850803462 2.3135680000830831849102869265438
0.53728338775946795613550194974311 2.3105750206760118166563782288082
0.54954682296114351474985565462498 2.2966570158175751475233709515166
0.56068579326852616223129348120969 2.2723556069982668179785957389628
0.57063615682604943066634793411739 2.238463059432934793284129302029
0.57935967835000172333394042124817 2.1959547364553882974673311748549
0.58684174827104781302059536454399 2.1459233056822925090224158989747
0.59308857357182220972553649287241 2.0895187641117191138319853388159
0.59812407580460905116343047038767 2.0278970321193458191026500895901
0.60198670477121108067194179070618 1.9621785453939669920289494868112
0.60472633689249742041318802887784 1.8934171313034714181053872906133
0.60640138329055687378710638683133 1.8225785882711402613785905375916
0.6070761900070683702185423742585 1.7505278171718221100962502990926
0.60681877538269814799054339618877 1.6780230553185113981537188906137
0.6056989193940424042109371305654 1.6057156821756526850535572076963
0.60378659713241251685617382425431 1.5341541379966426891249842524737
0.60115073313886158276276016675481 1.4637906631368006709331252169107
0.59785824393076965742478907678546 1.3949897782840144116927276351665
0.59397333148980448202200116810966 1.3280376486723842449828101734372
0.58955698950092308254229318997074 1.2631516855223850814468359748046
0.58466668558199609691292066541429 1.2004899221634114197387490957444
0.5793561857299619916294124790516 1.1401598552369816471781803288256
0.57367549101227636070984561878869 1.082226562504763664419801313538
0.56767086063889621250604912142126 1.0267200006674522325945708782601
0.56138489961431356517473446898884 0.97364145333125742666086132132395
0.55485669296430988547591715568843 0.92296914535339966538777792564866
0.54812197195754568938336907086163 0.87466306978791182520177632375069
0.54121330070799595488325006956312 0.82866909127267708125563103410172
0.53416027410353626608912730878321 0.78492239856788853710597404819983
0.52698972010593096458528558893061 0.74335038135491142373492038737758
0.51972590122441083792468162570674 0.70387500479695731743154405109353
0.51239071136179428337057552063604 0.66641475099359762654325116222882
0.50500386535851089377302573752347 0.63088619067167515755507687990385
0.49758307944122209960554156277151 0.59720524194813890122051127537087
0.49014424145917909282159944297849 0.56528816632496322353534461811829
0.4827015703196229262980529078953 0.53505234566111630493000695759487
0.47526776441447924402573266487447 0.50641687780919724229857421637524
0.46785413912489175034720593551862 0.47930302314774607606961684148433
0.46047075368711040172889553914095 0.45363452931297212007202100814607
0.45312652784899955206199360955341 0.42933785713804434979903139167344
0.44582934883432024539269644831331 0.40634232704579662127211740486201
0.43858616918812109183518847333488 0.38458020191835251277399231361274
0.43140309610381047278632459459283 0.36398671971227246199270399978558
0.42428547283681975398175017700569 0.34450008674592566200138125875314
0.41723795280223965253465779071363 0.32606144061981775343920930122027
0.41026456693418801401857891315186 0.30861479007819021219111627072913
0.40336878486086010718764974159512 0.29210693774789590572668888646077
0.39655357041486672250037670429972 0.27648739053696060678847188534188
0.38982143196880085174862020484741 0.26170826153664235121361223067921
0.38317446805476622824876629898786 0.24772416649531457832643443224336
0.37661440868559970078337411999017 0.23449211727667828855066747500285
0.37014265276997731445842122675911 0.22197141420694691496693729255768
0.3637603019777815187237894022334 0.21012353877988316546486015493562
0.35746819138471593785023187558588 0.19891204784732228725362023742508
0.35126691719490616862935762774417 0.18830247013897703224749774109857
0.3451568618137650474500865419315 0.17826220573029827388448599696679
0.33913821652193342381856140282324 0.16876042890178134627627163787503
0.33321100197397346557000897707241 0.15976799468201896339545714889653
0.32737508673109922572882709432547 0.15125734926339076169564492809841
0.3216302040074104397041215131893 0.14320244437419720483067046537718
0.31597596680680403026249598894762 0.1355786556442586513422668644823
0.31041188159791237160428970144171 0.12836270492732840756576507741033
0.30493736066784206833105069484426 0.12153258651528641244443017237816
0.29955173327947522559228628805974 0.11506749714522691907881168237429
0.29425425574678587899986624564109 0.10894776968123562773876144053654
0.289044120530703079970538874474133 0.10315481033638565045231691366109
0.283920464447597608145092651485306 0.097671039290314557919116838353653
0.278882376076249631969092509673101 0.092479834555172867169280531622066
0.273928902437555184195431387674328 0.087565478936488003255986513916308
0.26905905501715394061863303158425 0.082913109939070504890654411710899
0.264271815193235989493019431193045 0.078508672468506236599712481886274
0.259566139124278058020701318056605 0.074338874180763295134172326408546
0.254940962150585041543196858387121 0.070391143340949575755217288299797
0.25039520275298694258113487297868 0.066653589052021674819470794347306
0.245927766111399638351684830652038 0.063114963723336454666931242445652
0.241537547302565576750352157715161 0.059764627654906457307712200583781
0.237223434168574060622417269609426 0.056592515615837139484401478894042
0.232984309889397104854287596397881 0.053589105305313193494883981859136
0.228819055285794605914708573859052 0.050745387587262282357311556206561
0.224726550879257397337844122189972 0.048052838397846647105527890220548
0.220705678732312537223336977475101 0.045503392229663703578356182178288
0.216755324087186669379305340190126 0.043089417100019009944704735326857
0.212874376825730979473615498941107 0.040803690920252155403833999805249
0.209061732765927970340326811424849 0.038639379184109391600263435993725
0.205316294808263896466012475698079 0.036590013897944192960653107617502
0.201636973950952726563953374340059 0.034649473684034706502452469681489
0.19802269018197153553210565257209 0.03281196498690962086180520485142
0.194472373262586488640165166293337 0.031072004321102907609140708689998
0.19098496341094144299760031869326 0.029424401499716110185578393256459
0.187559411897503249221246816202689 0.02786424378886012492636615293121
0.184194681557622916900753238932238 0.026386880933633168517610440813482
0.180889747232755714020183380462886 0.024987911007810446931991948918014
0.177643596144620024041285037775669 0.023663167039267253281054643097605
0.174455228210196340001029478485769 0.022408704367925378963344940515626
0.171323656302378577816350662850793 0.02122078869450025148333276277265
0.168247906463372929165337031400942 0.020095884781889065332696753921205
0.165227018074661968553283167147352 0.019030645772166788955282224226137
0.162260043983102463950258386208011 0.018021903083144689062528085759584
0.159346050602487822843911851953249 0.017066656857405585380569184998483
0.156484117967819659974213776564002 0.016162066924199117698882107622246
0.153673339777655986402816847076099 0.015305444256309977051512149222398
0.150912823397882849350664806707543 0.01449424288493796353578619721845
0.148201689851702855304018994189561 0.013726052254207487715029269785989
0.145539073781571327076435074793431 0.012998589986075636740761290523382
0.142924123400519327120767430000687 0.012309695037420833298639837944414
0.14035600042092956553612527722311 0.011657321223908592609702012874909
0.137833879975880292302081613668826 0.011039531094063394623572120167481
0.135356950518140747195453446685297 0.010454490130218853993698949994376
0.132924413719701234293509892434668 0.009900461263739380282710594581691
0.130535484349342005238398129986524 0.009375799681711991854984707272635
0.128189390151412211115585479107489 0.0088789479143469382470963619991467
0.125885371711424569681005474842449 0.0084084311843105496729113355937862
0.123622682321826359635758552618722 0.0079628530064076833358738809912317
0.12140058782924177249786726275858 0.0075408910201383975987843328455254
0.119218366487692320874009720226119 0.0071412930472772364366148211814925
0.117075308813044097339794531239749 0.0067628733609640446390029789889014
0.114970717415896570429887631260046 0.0064045091508006671012944354703573
0.112903906841869457911058089408332 0.0060651371785770451614015241103618
0.110874203421988337585718930072389 0.0057437506143501315512420206256584
0.108880945093296971004028794087692 0.0054393960367481366517243789883683
0.106923481242501033243295555962613 0.0051511705970990462737938571918947
0.105001172541424707765456514268738 0.004878219333453650372727575661276
0.103113390777475881763347520912444 0.0046197326270626259093721574585675
0.101259518685880208618316439483998 0.0043749437946267795768540123451873
0.099438949789569325649513454540959 0.0041431268096907896476465128013677
0.097651088223736547361128338547562 0.0039235941432773274387355961509417
0.095895348577718851339122252064635 0.0037156947215365722394382191642367
0.094171155720686922926883749922208 0.0035188119899748463201724043785743
0.092477944660078222150174273323731 0.0033323620842261407196970198082539
0.090815160334929458692139880241334 0.0031557920907676552966570840580053
0.08918225752514566408869556954536 0.0029885784123598703486087855065349
0.087578700604167847969985761229791 0.0028302252038518155009185779826855
0.086003963460235781933253889126205 0.0026802629081145329548800184748918
0.084457529273082644190802526326293 0.0025382468553194209356991767792366
0.082938890420536583152570100043265 0.0024037559487509695758944275841055
0.081447548261157403169048538985446 0.0022763914089675248541259581143132
0.079983013032138397057178344209156 0.0021557755946982681103294644501494
0.078544803694198528246030197872252 0.0020415508813804259184082739048587
0.077132447759731589029171831263723 0.0019333785978972136864888980740924
0.075745481123407855500371139367675 0.001830938020078593379576532247191
0.074383448004917746242239678867373 0.0017339254255802943375960983547903
0.073045900723332889102937081579837 0.0016420531864180396650511785453922
0.071732399599115773370259422697125 0.0015550489187595295718457730122254
0.070442512805140791863698351101783 0.0014726546740329024080904180562368
0.06917581621809007558243404154319 0.0013946261729591161142248414735535
0.06793189327867295089202029339016 0.0013207320807294621630381948030064
0.066710334941918154893206563958657 0.0012507533256238530053145146309438
0.065510739405898993629247912895145 0.0011844824408809584839293985926165
0.064332712080024248684477311516892 0.0011217229551625229800973055929864
0.063175865460063027468396952327812 0.001062288809681879542939790670113
0.062039819001753921991997626416215 0.001006003806074095167600255277784
0.060924198875499415559581614188188 0.00095270107789735063325288322139945
0.059828638043207338324440740941752 0.00090222260557855176516348110253034
0.058752776021430453972989671887734 0.00085441874182221475530613399836989