0.95213806408897433538052285376177 79.880249250506822465753121897151
0.87338759282737792861437137307029 61.074725895898113762402783054152
0.801532418574767825676432715726246 46.692164255900714039101493660602
0.735791369880435819799940453776284 35.66542017896637003612507176363
0.675455955581238866029097180872132 27.193329483153108222129991782202
0.61989414916770107332687466420905 20.6739836361616194412863467031851
0.568558671527734721992485056846695 15.6546942117498298250778511755723
0.521000185220577140135822113872016 11.7943350230125260367741786613413
0.476885309933900992273030900945086 8.8348794644659623955592913832149
0.436018253206653572411083275000444 6.5798148625026644269233515527506
0.398362661297207490747849103600728 4.8777845303728608366107901000157
0.364056524360885236919547089391436 3.6103220045146685299673806917299
0.333407741747344870803070498271706 2.6829142259140322282952881193136
0.306853752188306901330246393064844 2.01885250407519978320603040207837
0.284872374370734566652367715685738 1.55538437407598078698450280144787
0.267851648505759924979797138176216 1.24157671718911332263769266426533
0.255961379555894483349960081802729 1.03714108666097481051211864460032
0.249089372343496450886757758841533 0.91145602929713986777638719766833
0.246877238317377120694334594071074 0.84229293649408587754009961617696
0.248828818014280474930823206259845 0.81419217479621070487903465160971
0.25442773965067694562507062787532 0.81674365924952747757603608210972
0.263216381995427483346473360353362 0.8430525291943584405397401388487
0.27482596609187413135193017076121 0.88852929982844044502382910351339
0.288971450116284265158744932016104 0.95000613767289320671123889038693
0.305429254043890410262737981571617 1.02511629499165854617217654554076
0.324010715921400483926195108931641 1.11186667115864524879136995498328
0.344538110596388986912872771041534 1.20835007350961468660996010404086
0.366826000886036929565666251825723 1.31256272999152055323626760900114
0.39066858375744404077913674674105 1.42230610641730004874820953776589
0.415832768303075337727288310777178 1.53515921349252749854380506673949
0.442056356238460957241560651420995 1.648509863338677956145355539946
0.46905054118317427746446408044184 1.7596326732438246141756130074115
0.49650584797103285068750744978311 1.8657997322816919567981756683843
0.52410055586491977249434063592872 1.9644081277099001297780975088044
0.55151059980110331776998133791871 2.0531079791298965116282387830753
0.57841994703715483761300625036093 2.1299158137174473168256186706248
0.60453052197963976585901715506214 2.1933011023884036448556774928591
0.62957090211138401435946529740674 2.2422381577004251648571897134224
0.65330321738473959278747339318864 2.2762206226787582754517126842732
0.67552792595348186563985496419362 2.2952405901768376560709417154429
0.69608637774363429096626611950716 2.2997382332915733760251601057059
0.71486128483622452956413533426525 2.2905302347001535576003358833763
0.73177537385087956964014881222534 2.2687261620484731660678243335316
0.74678859197720850630098013249746 2.2356414422817977270796042368981
0.75989427702353720372933869162796 2.1927141302429716551190539573562
0.77111469251679935833442019267287 2.1414307017788352070378728210544
0.7804962851221169869344929883671 2.0832640414581147681646436547684
0.78810495770558995820937808158874 2.0196249438513893524670143815024
0.79402157972466524003397459835972 1.9518269805870260187516460457134
0.79833788681100974864060542202813 1.8810635637353277062130605928722
0.80115285961812850471305822232168 1.808395436126962143365634656923
0.80256962136488922857314974708822 1.7347465677873073583874230691903
0.80269285503979543921736867492177 1.6609064439695356011164686346906
0.80162671412964682114180950664328 1.5875369033569411805695984720122
0.79947318353217832074696807736288 1.5151819495517726532749180802503
0.79633083798625676835546960006919 1.4442792569303627214423243020245
0.79229394201235887978483145364808 1.3751723846900831528261361141565
0.78745183616046678605953271204548 1.3081229766205844574680297918455
0.78188855790247727191091544264862 1.2433224477928819140963592501801
0.77568265060801981704263148136501 1.1809028397189547619584154392793
0.7689071198538707303291165384056 1.1209466646674343199731590874019
0.76162950227135620166928590590675 1.0634956627311888071417251746987
0.75391201781304552563419535991102 1.0085584677878467767428088094885
0.74581178156115387225820883533076 0.9561172271021194169155902925768
0.73738105578286802275258958645076 0.9061332491216952109919810941542
0.72866752697250126929621707210373 0.8585517704597039749678646826116
0.71971459596209686010316652203976 0.8133059394065561565818926256387
0.71056167200894902507095452083652 0.77032011323324935135914167153999
0.70124446407472118071606561081216 0.72951256210977719704477452240596
0.69179526434701552948629133159734 0.69079766538324525197141908118305
0.68224322055176250542837686843368 0.65408767770874659212777549542624
0.67261459475956041103239781189024 0.61929413373079983470068247724121
0.66293300727730732118471701266339 0.58632895133048089215798206122626
0.65321966492479571797974645938199 0.55510528533850503763039658283591
0.6434935734953048137566686668808 0.52553817605955132447391077777127
0.63377173457291598517447036681395 0.4975450302062548460044805982714
0.62406932716686159484158688150527 0.47104596593646790974065639451459
0.61439987478302939760096661810338 0.44596404843955471207824079719021
0.60477539869708263542831034845056 0.42222543811122589296718596315288
0.59520655824832140201273418294217 0.39975946950262136816210104936203
0.58570277900711499118078388767421 0.37849867600131739985443046823526
0.57627236968487956030910818867588 0.35837877250281679185606755348708
0.56692262863251863922614748404821 0.33933860603353224376540566851318
0.55765994073704499900867299829333 0.32132008237758582558040093893072
0.54848986551987393762771063623989 0.3042680752451315819399657141337
0.53941721715709710384307677714759 0.2881303231483808113914708263044
0.53044613712151341765102914388026 0.27285731813554450670361131164898
0.52158016009481632181384344902916 0.25840218965181519744615045542071
0.51282227374846544558158276068211 0.24472058608072266635947750295215
0.50417497293626002855737483623179 0.23177055592914424967353165832642
0.49564030881354371575564914888879 0.21951243017792530589639771552802
0.48721993334945286303539319357793 0.20790870693280388095784058514287
0.47891513964915473010633855784428 0.19692393919667854454821513538429
0.47072689848213031418193752097638 0.18652462636660696071527232959416
0.46265589136308224477001467821761 0.17667910984840309192439064615121
0.45470254051057770760996785772239 0.1673574730459471269372416162116
0.44686703597888820658343421746332 0.15853144586380782635799876131588
0.43914936021470801151034705478012 0.15017431375319715818450875128576
0.43154931030054420739670847248042 0.14226083130092617188320676036645
0.42406651807987232622095427215433 0.13476714026064336874670374417642
0.41670046838344160597901880429552 0.12767069193552533726619266886646
0.40945051551514562817598822578407 0.12095017375070300814794425654004
0.4023158981776256792938720542989 0.11458543987377883151643996570253
0.39529575297633267111563682164644 0.10855744570368758521412386430612
0.38838912662985318155186344507432 0.10284818604604612459408903600627
0.38159498701988758763563003794625 0.09744063680572762088203326517801
0.37491223317831446357379029929573 0.09231870000666183842093903419738
0.36833970431984801315054049069642 0.08746715196962920984752605463339
0.36187618799774711508265148462331 0.08287159446621257915039021640941
0.35552042747766755936828787184759 0.07851840869260536299441522683336
0.3492711283939262220407685737076 0.07439471189574568466761781331732
0.34312696475408839703438675153419 0.070488316498418912985606142488948
0.33708658436021579416972302000082 0.066787691582523733093068684538694
0.33114861369208539867729890886325 0.063281926585657042332524038595317
0.3253116623091565475073016768793 0.059960697084474055647901391578062
0.31957432681294638294305568765948 0.056814232538652647701367391987607
0.31393519440579395347838520872091 0.053833285876212042611229804347893
0.30839284609769255809783227462609 0.051009104818133088578297208765814
0.30294585957665384452820246389833 0.048333404828878618230696084043519
0.2975928117842949854207556942365 0.045798343601876313909864729926887
0.29233228122314361858964054076862 0.043396496987829018579642931754956
0.28716285001536694844451252373583 0.041120836277642605566831402423428
0.28208310574394713069378851745519 0.038964706763481976367608412891027
0.2770916430859933445165257600409 0.036921807497648569068107031391502
0.27218706527069575286100201646254 0.034986172184574042102264994671063
0.26736798536463939539879644904303 0.033152151133547484640759133516816
0.26263302741257437162475858008984 0.031414394215229381839876412867626
0.25798082743827823348704931685623 0.02976783475983619980764580925356
0.25341003432071192155803870668583 0.028207674343468052088614444430796
0.24891931056354609036651387461507 0.02672936841345461379159268712325
0.24450733296136929620483530216711 0.025328612701883186695529136840725
0.24017279317036105529359023226633 0.024001330381752094160362361657427
0.23591439820031835291688362795958 0.022743659925980760797719740184017
0.23173087083119975011302150930384 0.021551943627759463739618947592023
0.22762094995910601901393944700951 0.020422716744214060028215719899133
0.22358339088810610541104157770177 0.019352697230956653876353753663058
0.21961696555123684091888132196033 0.01833877602828445087708835831877
0.215720462706622992214215380926133 0.017378007878730057667574314788482
0.211892688057123777703684320966536 0.016467602631923169193862659683481
0.208132464363517998286446827934915 0.01560491702590604982719123006266
0.204438631490233567979190009019714 0.014787446902826969664443023132214
0.200810046437289927269204415832874 0.014012819846847324101179617138387
0.19724558334300437417847262693416 0.013278788216395459198389583595661
0.193744133444928485167218563646583 0.012583222546078824379042852407749
0.1903046050412417477561609895906 0.011924105306029578352114055948028
0.186925923399407794439248479955517 0.011299524988141294468245347765197
0.183607030679840097082467683044974 0.010707670513996122240118764688254
0.180346885818543384770196865475078 0.010146825935986026605998188494732
0.17714446441501783410425049868423 0.009615365423796400816168328150021
0.173998758579294140828574990349796 0.00911174851263040252429976729901
0.170908776796011801047078149965422 0.008634515608454673244433175231642
0.167873543760209759234343493915221 0.008182283728693288747404078154391
0.16489210021922156120724228656429 0.007753742470914555740660504489307
0.161963502790745421910513217199967 0.007347650192605891472653227040299
0.159086823787099129808627524411166 0.0069628303949621278764535585410657
0.156261151016845852959740628095759 0.0065981682956467817062165740418572
0.153485587614419006927491992392536 0.0062526075869303649290596120487034
0.150759251844405696149238159350601 0.0059251473621221682450776369303175
0.148081276857686826415009027180008 0.0056148391991681638367764005729699
0.145450810556717697260383568165603 0.0053207844112248854476434990943397
0.14286701534886504723468138231565 0.0050421314293909426574385389242405
0.140329067981876453327686007187679 0.0047780733327117800180781980224123
0.137836159269609806113965178027368 0.0045278454969473867541275786093923
0.135387493956205635587910458467239 0.0042907233815005535449247866426913
0.132982290478522114066180101313941 0.0040660204224429081131725258459094
0.130619780758829281708232001153069 0.0038530860395779341017964802869745
0.12829921004317605154988630179787 0.0036513037522322366324219139334863
0.126019836583491484312028362550962 0.0034600893806125331638176394179712
0.123780931553340125246776337146411 0.0032788893617409334893645557982612
0.121581778825840226261213267403986 0.0031071791416839086574110061505252
0.119421674682576006524472981036759 0.0029444616473363249501659838345579
0.117299927775334411995656528164988 0.0027902658575053097961763761398125
0.115215858674126783321426572170423 0.0026441454185697182047255871609138
0.11316880004072388996744647728332 0.0025056773771174916167766809080411
0.111158095997254544534813206217528 0.0023744609234067854128257513643229
0.10918310227577873934757154185123 0.0022501162535415540429849329162017
0.107243185962122765273056959014521 0.00213228346354177255494320881185
0.105337725167889962639314986165502 0.0020206214978873129273652269756684
0.103466108938185135799084615442585 0.0019148071675052858786900828029118
0.101627737020313772771191754628011 0.0018145342108333433717696833781121
0.099822019917355450303073023378406 0.0017195124191489939281460297748295
0.098048378213567344190099888806776 0.0016294667694012543257915816906427
0.09630624305519812420507889579038 0.0015441366620091859287951400619816
0.0945950551900591542730821737978 0.0014632751264615488156511329209542
0.092914265759726054199081607999038 0.0013866481528981677519929658975193
0.09126333508141466247101229119202 0.0013140339647408479895626762235647
0.089641733306307706074219789274805 0.0012452224149859338493359975653073
0.088048939841488664365469779298347 0.0011800143586557730706119389308359
0.086484443364188804031574700048298 0.0011182210837940685510474604299562