0.85091210536038544308364750658259 56.400474118314743360480530913801
0.77581748664595777670972669754766 42.266907632089669279767402672152
0.706046765770101044337348153439302 31.445716883528870111355840854534
0.64072282637974567847165280739952 23.1521548055355504600824742060106
0.579024419857789158383253384312188 16.8004292895494420215665971928503
0.520198613722552424526662442740955 11.9533311981614931148900981628525
0.46358343703960154061897991681598 8.2838274517809367718481961746284
0.408645062841584535814568257029795 5.545385259378626517430071866469
0.3550369622329475044112259590794 3.5487497616253021595547775460255
0.30269385030180705289121513643601 2.14370333681581098907858745273665
0.251979891159502676936569375938362 1.20502685282333418594759846731945
0.203906685843837149835494945579421 0.62251720968236149215429681865688
0.160371009052474666874112093601015 0.29562527476992027946384771683621
0.124115861293662697092485086245475 0.133978633644999090512846303795119
0.097766383514823410294207384983713 0.064078083971360044887964889732272
0.081984483695137145570224563136658 0.036941394339111526428259324541703
0.074907852768011967744960778055735 0.027445977404563196195229600688099
0.073865605352800479877996115251188 0.025462899161150110113004521031224
0.076925894284857064054081118179137 0.027568504182410520103195568545554
0.0831157439861921399501271761007 0.032949979257182144769871748716606
0.092105057969751967546838538453178 0.041939085673157850629355490878975
0.103909038686240231730439826330016 0.055553073383666348605025108314496
0.118696772539105778927871718539546 0.075337927992214312146835866955606
0.136676113676180771937596735124995 0.103253303628793243552065495933934
0.158027706572404853203423837294602 0.141501488675964945594419296235617
0.182872061476088313868194935859718 0.19228060434855834957960169614661
0.21125753901405550713162303391043 0.25749240027036446378882229929126
0.243158811164115362673719875271052 0.33845951960800788018140211190092
0.278478250336474000854818120094429 0.4357037095721734865975434866663
0.317046479755084278708902756307524 0.54881494308186518343113514700992
0.358621554182901717977958173937354 0.67641744853200880743144324004877
0.402888135588120932086339941331603 0.81622280457017667074756383862413
0.4494586266065197348264625873419 0.96515422834324700776646555265413
0.49787793876216529580792117817634 1.11952596644321111538479669532487
0.54763282558737928847443915543665 1.2752625261406468511734366195754
0.5981658187529110980194096863111 1.4281417955683269934034190519454
0.64889298162556310450059918173377 1.5740439664618305560348463155605
0.69922407696237187057131689049733 1.7091862474040681741977954178629
0.74858340938012448245281770458683 1.830323487313935595573635512009
0.79642956641100117374382046058731 1.9348980368998380903280899172942
0.8422725092807613625068084046169 2.0211282651435666826670378431085
0.88568688098702873749638356224331 2.0880329091101747913350790477951
0.92632090938848922154481073178709 2.1353961914419902777089377474779
0.96390079298500388662811019646053 2.1636848558595738812937890495096
0.99823089203592329057827449312453 2.1739319858726620609774158723697
1.02919036200488047951780700412363 2.167603454045306439872234086444
1.05672704507193054333951412525152 2.1464614935887133861594264672183
1.08084948859390299813835380423941 2.112436957065846995614252465731
1.10161791302518782332068030681254 2.0675181883055428308730862206075
1.11913483884694823826774849804819 2.0136608219730437454047249782522
1.13353593450071023832541733855341 1.9527197445496301303712315882794
1.14498149151036117423945494422448 1.8864021515021019969045628270832
1.15364878778023648032601044641119 1.8162391611549237505166219583555
1.15972547641355305260362846457759 1.7435726990162683276228043398418
1.16340404034646579953119810175228 1.6695541835650563852618419957368
1.16487728219976940419118499191652 1.5951517432176042556157004863619
1.16433477220843910520243563360846 1.521163117986927685376865855866
1.16196014960007336122530078109098 1.4482319170759162597693336647606
1.15792916068689160779146689763729 1.3768654319360542752606518813951
1.15240831637388825021926201967551 1.307452690390380971514339552309
1.14555405565696932552484802360334 1.2402818416879048017215606678534
1.13751231616070187097694108751961 1.1755563085708160612053347272953
1.12841842199871000986124035068411 1.1134093834372536573801360249284
1.11839719987097128387696309963364 1.0539170966970510569693472407296
1.107563290948421074282907595076 0.9971094459538456910666667377179
1.09602159985354812188106368904042 0.9429800286699338491620450962305
1.08386769400128744355325873567355 0.891493839205914790684110205384
1.07118857666451438586712269579198 0.8425945623143059073289515057179
1.05806309978254576381995269856283 0.796209680150045495344509326461
1.04456229772169833147063084788272 0.752254486365394979872130800042
1.03075083458937152817734486056473 0.7106376881659175824895142193394
1.01668640079389286741622650995214 0.6712617725067092128337690708181
1.00242154516185576997047972553999 0.6340280489763491762620308619478
0.98800249647504119508980984972747 0.5988351113291972855760743785179
0.97347171211427036714858273936231 0.5655842379828605124458328636312
0.95886631379892968850404051433368 0.5341766869257495935769052744577
0.94422003539204980033578793965179 0.50451727914897916533380842357834
0.92956244705516564162893789513333 0.47651297549792253820968320356831
0.9149202639565807117711130057163 0.45007485922893498774545864641037
0.90031706131199309185276415699752 0.42511739847475510142775332686996
0.88577383480150222951122595452453 0.40155901003474589568488310268902
0.87130873149093425874112597687065 0.37932139464558476279644932472868
0.85693942845598467519070825810015 0.3583323279228867916960626308499
0.84267655400661589643461742101976 0.33851698669771113310662357141936
0.82853795468178670676398840798919 0.31981538131117578944155372414704
0.81452836872751419104204358397399 0.30215731709684299889279108278928
0.80066221848479343455965002108219 0.28548906180688223931596602665678
0.7869460681516816934108666830797 0.26975259717861667641009380722064
0.77338867836012474896308669404631 0.25489666949428525953767795950416
0.75999216137925084148590841755514 0.24086744844344129958562358734897
0.74676364262168196901192256378905 0.22761998628871784765103968121239
0.73370784160983842572241203317588 0.21511035948369196604615201467128
0.7208255749846647497938350270501 0.20329447389088681293470049449832
0.70812324420530567882141615510486 0.19213609336941303898949710731736
0.69560144905079389505494676961037 0.18159673058269581344136568826894
0.68326178543947001710360732840325 0.17164140484273775779764776754909
0.67110729747057446147425184557843 0.16223856544677615267904525718323
0.65913487152247280873526535380766 0.15335436417492015741269174188702
0.64734441453128007785304973162434 0.14495944738957512334566265080146
0.63574200831621457967919274458683 0.13703039348968274084560503908696
0.62431893646559757390236421435797 0.12953574303965732067693552931131
0.6130815316894116823376552065836 0.12245551102640603067701676905074
0.60202799793773518144049181076532 0.11576592127079496045341975860297
0.59115411095221704979412336232669 0.10944338209080416733018842440099
0.58045779273377667285618044662496 0.10346706062617244150186900121515
0.56994386526944528869877702910274 0.09782098791585660718275766238878
0.55960488809272750704616752833782 0.09248379853367976738453989057129
0.54944039522420276160624878397538 0.08743900038741909670755732402534
0.53944846119318519539389656489111 0.08267035901501759401254567272158
0.52962924297511583551434710073888 0.07816352554832890045693217054789
0.51997817057301181180161375990637 0.07390289522680354417769735664533
0.51049694987023493053427419236964 0.06987644890515936972499187903864
0.50117956009256561427371227134404 0.06606966734503009017417134381061
0.49202706455432594971552682613256 0.06247170540460874439558721031037
0.48303323675729993149051660227922 0.05906955134959864005461952077091
0.47419593340272513762551566747068 0.05585251069071850407287808378383
0.46551740976745072765720356743406 0.05281198602601568417981366753802
0.45699287728609863228981605292499 0.04993741326098378845141493427279
0.44862231638030742646248807328487 0.047220402379982575415982250956889
0.44039750038730848796713718167878 0.044650469344341843163514301053599
0.43232272990608853999345697619296 0.042221548890980223938419233123978
0.42439119365899351879492629897656 0.039924595692576689916793498637442
0.41660068104826093073837148857667 0.037752432311451714435803517763025
0.40895286659071781629859391372991 0.035699289978115029617649565008094
0.40144038335953112041101946331839 0.033757338589892860189660380562936
0.39406578179034861347562197850286 0.031921705378991607826749681027559
0.38682406665216472396929961576811 0.030185907136938641743417808911061
0.37971440834813639567385710537058 0.028544812797358393008134140656713
0.37273110187945108518591453714282 0.026992480680964554144330633259216
0.3658777958573878188056767891071 0.025525318699181049481849622785366
0.3591486497342767397325369012613 0.02413790096617842510035430195394
0.35254054480067682091160785648863 0.022825692603703104371533125932573
0.34605352606631838954555720724858 0.02158501192085919591736389479431
0.33968488327986838051858494547172 0.020411839948655825103249074850017
0.33343248613481962272321092210915 0.019302484437813325651834243886098
0.3272918048987660546293833359055 0.018253050332936825971293993418376
0.32126472937252161497169750338812 0.017260924223699328050616993000759
0.3153485070011211701496293877734 0.016322851859452408410419817788943
0.30954417797721202919563624083512 0.015436331488651841340496430784248
0.30384188354345642227941970495836 0.014597382222832941834517344703186
0.29824554502003551495615357880074 0.013804256075394291713977744693217
0.29275057438350095685217797656445 0.013054082944670861853852116031157
0.28735762518855245671115027756838 0.012344855034387529613739286625019
0.28206285096458350823294948011846 0.011674081983414064392296133068149
0.27686564785546061716334371986238 0.011039817282061737116137561852686
0.27176406533050361084520760984736 0.010440048962194017928676726195086
0.26675451386096914503854800213536 0.00987269180849079883297837730854
0.26183628536818932580274282329742 0.009336098541842057870728060132271
0.25701205534414683776008219750162 0.008829047383945298637935348184747
0.25227468355223723482432651231242 0.008349364537111376241928617745651
0.24762374028588468357966913472135 0.007895684805419299716458060940832
0.2430596890746160679781483734345 0.007466786397995466917834832049921
0.23857975002090728656793343450833 0.0070612062156106529348711205589
0.23418027381872329446786450130761 0.006677494387164780386866453789482
0.2298641700449507895402063748134 0.006314835020059149116838843956002
0.22562659885220869434886593292075 0.005971805493598017611754545747544
0.22146634103692404150969947231221 0.005647360540938703348228767307619
0.21738293975850690390845644984699 0.005340564307493134572735540360504
0.2133751489995290034468952092934 0.005050467369535065680422332196809
0.20944084047636485443093117892255 0.0047761089355949152456138944953673
0.20557936246232999923779197301048 0.0045166809810627239701066604021869
0.20178899708240072064422140670798 0.0042713459211067933353636957974284
0.19806763901718156189259675813688 0.004039288898829958374921390419153
0.19441568290228854059498582420027 0.003819889856102912962770771701919
0.19082958371057445730874037402104 0.0036123282466464619511367921602077
0.18731130612176751227911764328659 0.0034161403923374076665696539088279
0.18385723765391366180355581680531 0.0032305764173084944511097753085992
0.18046615155676810404791592582037 0.0030550590814689201548019386472039
0.1771383536637864982418741961697 0.0028891165611698443268396201177937
0.17387182121920227824957100555872 0.0027321852107599105660921086182453
0.17066478395372607197034592288159 0.0025837464123256214291644059351018
0.16751803142811644074426021737142 0.0024434235301100110167803242515118
0.1644285605959750563189669773921 0.0023106919711034706109814340393746
0.16139579273440012153775900306868 0.0021851608472292350322460124269647
0.15841932126078879718875198164761 0.0020664646047824077840597447861061
0.15549773237992599113147876923971 0.0019542165365071474639094942671336
0.15263021525304849538365174975816 0.0018480735361586668336184685377294
0.14981501174473929086436073638911 0.0017476766815844323096121738455272
0.14705226716626604095994717796424 0.0016527526038896603822860762330124
0.144340232192284402343226651764071 0.0015629771579575310132441773747351
0.141677958510696390532010795972603 0.001478070742083476131168636195418
0.139065221303323292858081254882341 0.0013977902593258460037938137840265
0.13650045540948399721088739556336 0.0013218644479433331395731252726356
0.133982715045929368355260016473241 0.0012500554497199282898830224432026
0.131511667520453312023922961063431 0.0011821545617786794451908620840041
0.129086156867250493539387440712167 0.0011179412658730981811765796265215
0.12670565558845486766170404186745 0.0010572230960372971744129394940739
0.124368543441891617632045424135481 0.0009997905984678922285504709917646
0.122075029888043264056398838233408 0.0009454896392653039068125630639063