0.92704288321537306237671443364356 73.542987053765402909795618758823
0.84952757173050488673739645623683 56.037899734756637222695941733113
0.778574250909137560195191592441519 42.645269943927415483136730113107
0.713392016586869641678704969938377 32.375289100831281144807561302427
0.653260586353999269175993164623541 24.4854809392116747920338764111165
0.597536382706401038131572306577625 18.418609402808102259394799424779
0.545664279093364552106610734884917 13.756023378678700930802821431618
0.497195874403855206031882212340402 10.1824255061398746897332118149888
0.451814745573525606361533913019203 7.4591172894800767554594281602872
0.409367917591236348143304413793739 5.4036017991910156951643637040755
0.369899896501523122255632726738597 3.8740801814828747403456198560876
0.333679670010294376899273800516676 2.7578892989127322076988195996869
0.301201237058396592102306273353981 1.96329361949987999318278049493573
0.273127933453578301738755284819103 1.41423064989968192722826462782278
0.250154394985321849962677845193906 1.0475590103504448089973328254329
0.232800057784495993263900957656057 0.81206195895380883979490086809449
0.221220130261613020380555090657646 0.6681098527928307782466562537929
0.215151157377448134663012194800581 0.58690727455454168048044700194404
0.214027082469185785821068976407496 0.54886452804061391253814295951027
0.217177568695215877333734978451084 0.54140168167906298148191957796951
0.223990671208116331860615706627195 0.55678998271958599641746095114834
0.23398912821652762427803321923389 0.59042364938233392001607628287107
0.246835776970541400589866366673361 0.63959460568335106425900870818212
0.26230310897040088067220174660605 0.70266977168625187053658682483791
0.280233013524911516391695066004063 0.77854147067956121366580517275969
0.300499615951634608138948897801966 0.86625347197758966001966593396838
0.322979680883319770238670182543198 0.96474437382117533249386592341659
0.347531169924090162280309518982643 1.07267828346213953199122633587888
0.373979201763130171733625427809861 1.18834867836029735196529725404901
0.402108405280441262085914482656506 1.30964818869111900973511234373957
0.43166073996597903778710181162025 1.4340982426740771395431432332839
0.4623379664358548453117625910662 1.5589306168870088301878956977189
0.49380797719874945418372301370428 1.681209712477961888710568847424
0.52571414030226107332563875166793 1.7979811357660296483415532333874
0.55768670990878983048356557069631 1.9064299180254373654733435898505
0.58935527649221891865687390522153 2.0040312168272162287198380610854
0.62036121496814333007055668412305 2.0886779761177132616479300640776
0.65036916862013383171356039048314 2.1587736740923903597980897659595
0.679076779588000357508055435515 2.213283365805933120846293963048
0.70622211884330760906155957882997 2.2517418163140837848675679726662
0.7315885419945527001359540168989 2.274222637857332898737593731893
0.75500696140153562946849702975864 2.2812762006643275446952570997392
0.77635574658705248600029451383567 2.2738462539924230016626937663678
0.79555862324793447666018403883387 2.2531756463193051730938953737685
0.81258102978441280797696607129493 2.2207105699805545992819557637052
0.82742541461312438727226637186952 2.1780108577605398231880713142386
0.84012593081784199542935267755853 2.1266715426720883209837478082074
0.8507429234032020731026424492866 2.0682585942035241011331468826025
0.85935752491253840614464022073537 2.0042597663304625047236140857871
0.86606659086438630278254255260881 1.9360499882120888701517156454956
0.87097812730857398752555806054918 1.8648697319290461538063861608491
0.87420729459811163443600221829073 1.7918142514656329525456178259561
0.87587301713397216454890208724672 1.7178314109099405299542093948844
0.87609518845265144606911467713623 1.6437258995332629111526940423449
0.87499243355167000354890299598026 1.5701678699393157575443678165134
0.87268037361309860330947722851985 1.4977043521584099893847278980267
0.86927032999547215134327690564519 1.4267721335707150748028260624616
0.86486840226190115004548057844848 1.3577111140299175904548297476288
0.85957485726709047272096246850973 1.2907774269219528183886622054077
0.853483771094466728956330168205 1.2261558497741512272231704017397
0.84668287201829599219508458497167 1.1639712131088226124845365686627
0.83925353949803629044623184325372 1.1042986559184711284842551896278
0.83127092109521363755474015033091 1.0471726776893780443421764437862
0.82280413567200288581370068136678 0.9925950068919031757518829313693
0.81391653703173998781807218624789 0.9405413509886019239181972476198
0.80466601734921639817096483226839 0.890967119922733998376923015936
0.79510533407855187554811049289834 0.8438122279862305560944187381926
0.7852824477568632674433353290921 0.7990050828135585688802418249083
0.77524086118537682034693750109729 0.7564658676934664696979580033222
0.76501995290033482418925200916754 0.716109216735328261352725691769
0.75465529992982433662198109952693 0.67784637402706197247863867088108
0.74417898632864693917940986861603 0.64158691799788102853741780685264
0.73361989527349818318664631788153 0.60724012254127791074886273162133
0.7230039834336627779519705408091 0.57471601691848742090144900223972
0.71235453703213381947829501052302 0.54392619760361515899423250798973
0.70169240959453479628792373568142 0.51478443736581900010238835557806
0.69103624170734120405911309530649 0.48720712963211068185152435103437
0.6804026634349221089323840617609 0.46111360010234321350148959371163
0.66980648019558917794159842099091 0.43642631214164816942957531010677
0.659260843017869858558201173737 0.41307098790165339690150748028096
0.64877740415942689860214997947231 0.39097666322284021118145588677104
0.63836645910810605899688398608296 0.3700756911116570199187393300693
0.62803707594312727361985257921875 0.35030370576848718536297429814123
0.61779721306950563904071256619833 0.33159955696349969872973377971142
0.60765382622465515767306994989516 0.31390522252556710369695676697511
0.59761296568600189066432456025923 0.29716570528125933563008967646198
0.58767986449169306197965094644249 0.28132891938698275437387555430726
0.57785901846854710326952590619711 0.26634557001167864363126958514892
0.56815425879778167975060758591468 0.25216902945702432276248791542664
0.55856881777872532791173675138392 0.23875521208774733240811753172716
0.54910538841878018099731627454332 0.22606244991552732296173324253708
0.539766178414702604385737041387 0.21405137021071614593118961164934
0.53055295903754943920965807143459 0.2026847761510443895144059318368
0.52146710940180880506336261122104 0.19192753124607916015264007315975
0.51250965654830570242277489430695 0.18174644803680914661969231687357
0.50368131172915848838157749530115 0.17211018138900388650727016369535
0.49498250325073998588644286470235 0.16298912656427094416472825978657
0.48641340621217057109312655648094 0.15435532215870521061428413901926
0.47797396941235110994953178495813 0.14618235788121773199848636128102
0.46966393970378051147744474378171 0.13844528711651394036145051367526
0.4614828840309183788493356816849 0.13112054415545147975414407701164
0.45343020937467366994447516450117 0.12418586594906129584695374493181
0.44550518079229195364834153543477 0.11762021821001309257728182604408
0.43770693774218768256417544313412 0.11140372568722895034270410265798
0.43003450884552605537698736175268 0.10551760641318645943022882973378
0.42248682523985246255201558401712 0.09994410973555336094686775021712
0.4150627326479906581634989105696 0.0946664579304740671336359322675
0.40776100229011766660357314047383 0.08966879121087282853548135655875
0.40058034075013327501645278557897 0.08493611594285505254149323240741
0.39351939887628142070360655151105 0.08045425587616634484553246493485
0.38657677983101382903064157350694 0.07620980623140849823437604226753
0.37975104634942350221308520058625 0.07219009046274833784647233040377
0.37304072729390168188533484716697 0.0683831195464449319571888799846
0.36644432355789936740737935886152 0.064777553636443204180548631519869
0.35996031339422462127966826032001 0.061362665953335289176599501375457
0.35358715720444018175958292432543 0.058128308762198140781043948233976
0.34732330185541972050818694678112 0.05506488132178260680432044866689
0.34116718455620351382408011175514 0.052163299679628520989396188391031
0.33511723634237263103095099713062 0.049414968204620090121800911178381
0.32917188519796477325333634781923 0.04681175274871693671431512424605
0.32332955885435561673376771916862 0.044345955342308260175987140266256
0.3175886872997610264182851067915 0.042010290331933952004134597182755
0.31194770500622556117847946291697 0.039797861865392739071306979876643
0.30640505293377424466203447479857 0.037702142657541482152853651320483
0.3009591802961808759319721409592 0.03571695394530972559376403576632
0.29560854613927863221126338657317 0.033836446573026935887550967615347
0.29035162073601384163755007935146 0.032055083135529580994109624116547
0.2851868868123733829027830240605 0.030367621116006527859461719165796
0.28011284063032161301232792220761 0.028769096963844521863103684231596
0.27512799293364011502140692121165 0.027254811054833776503312859824918
0.27023086977473085188327209779433 0.025820313484101040579913070564025
0.26542001322613865151697476998313 0.024461390641242971777210625598918
0.26069398199703547346288168492517 0.023174052525452939668160391291324
0.25605135195595920349473185000271 0.021954520755779448884152650773936
0.25149071657645943253233573691631 0.020799217238949590701711606781028
0.24701068730161493683187127388591 0.0197047534542515374226890721516
0.24260989385090164173718069138556 0.018667920324610769575111998766699
0.23828698445464225806158898234436 0.017685678635598582757891111477418
0.23404062605327964192055930774553 0.016755149978826500317515101045671
0.22986950442795277173775454043596 0.015873608181444043355869373968521
0.22577232429713664025957382147888 0.015038471201394702545680324882163
0.22174780937364740422357902539401 0.014247293460124534532009545328043
0.21779470238371628350990890963437 0.013497758588042576527988787848834
0.21391176505782883631003757648353 0.012787672561066237243612789411901
0.21009777808911280443013923165872 0.012114957205244382098885442075238
0.20635154106945541616304357677285 0.011477644050540126093818150292777
0.20267187238807594261269678747522 0.010873868511605230730201850684172
0.1990576091537722900107253337807 0.01030186438724112943376848077246
0.195507607035491772824566025729617 0.00975995864366179015477346355125
0.192020740140786106539177333473884 0.009246566485009717797779016346644
0.188595900851592429684431792454381 0.008760186682431794572348612861698
0.185231999656280602959301545149708 0.008299397153519407585402090361276
0.181927964978924425128345189750603 0.007862850778239537203364555979219
0.178682742974661428541946580100289 0.007449271434303993986136634875219
0.175495297352126816442486710752872 0.007057450247958392661613580561669
0.172364609148052526510577739046097 0.006686242038875543623837967624614
0.169289676549221329005865690860137 0.006334561960246881195197987010402
0.166269514635233887667093253724448 0.0060013823085758854239915686518944
0.163303155213897584337052845634369 0.005685729513551601296273216120407
0.160389646531201995656311105499089 0.0053866812742647735094644618883975
0.157528053121574975173311478679455 0.005103363862179127083644408402141
0.154717455537902158810984128726773 0.0048349495546466591448455133094944
0.151956950102979487040847647700579 0.0045806542070290698415142488588998
0.149245648760907229667622347484444 0.0043397349623721935499102774877722
0.146582678723640662276268629208529 0.0041114880638700053140862877241425
0.143967182358043258915162137315708 0.0038952468042236258514904978641483
0.141398316949889626934202599863439 0.0036903795721498071530351356172587
0.138875254340452599694580462774729 0.003496287992545376603701615469099
0.136397180850304546517082330267283 0.0033124051873977960994284787997025
0.133963297038785149801409524816955 0.0031381941150562591040708641221562
0.131572817343267384532623813342587 0.0029731459891177968769412499568383
0.1292249700116300769587201375834 0.0028167788013202619208654032559335
0.126918996818622294727810373200477 0.0026686359069320220161488702125204
0.124654152836696404507285148521539 0.0025282846886194600151713843368021
0.12242970617248437461027157850349 0.0023953152887310299746464503471449
0.120244937932554425020637829623251 0.0022693394217070995639444695069123
0.118099141701765197355247457281452 0.0021499892206797638881570836036796
0.115991623702095999637008484126353 0.0020369161833522279068906919094172
0.113921702275599764654771993080276 0.001929790135751069303485879791
0.111888707768921236812560118807861 0.0018282982727439889723489242599915
0.109891982533872364854671740715434 0.0017321442537090450684344200737078
0.107930880388113858659527859709878 0.0016410473195427228641425121895984
0.106004766636191909762079878552392 0.001554741483263483819595808283989
0.104113017730074525487345736838413 0.0014729747462173957397767650093138
0.102255021390691044986335948065763 0.0013955083753251635715989236660213
0.100430176002854431101273771876804 0.0013221161874922150060417650267931
0.098637890566180263418198379696428 0.0012525838954812731967144609906287
0.09687758478893991088067874977308 0.0011867084924642341936068568346494
0.095148688420720891193491403300447 0.0011242976402418287963363245952892