0.83561988120462841627401153352967 53.320048589328737958227837007297
0.760708793804445942310865718511246 39.763841176290792957734287331881
0.690818528288130887924867639590326 29.385302421648123822780326285852
0.625039156387804295163272537535999 21.4358659583868779557558829984232
0.562509652464437539973212746136917 15.3576439422994941456709577820139
0.502429932509874053759194686749326 10.7349537654804296717094651356107
0.444083144888381093145005462877432 7.257155133456940051962138260793
0.386873207060814233085598586719223 4.6897025851030418287400126982915
0.330387541276390658593479181872923 2.8512673504162777404462770888676
0.274505912883822686487101784753817 1.59558242652684550555442731915583
0.219597935533808064345376399971237 0.79733803717317868993025148201202
0.166880876794355524364431593976678 0.3421206613809005939676237633851
0.118969458461890262974949167828343 0.121519542257719882784841145055921
0.080153539596811104946912266250445 0.036544531243296008064806019424801
0.0545539180682849497663304193612606 0.0113524428764567952594243805186373
0.0418665682424569575909916764756065 0.005051344918529918818218498582385
0.0376388969020088915351117319739016 0.0035972289157418255542598771393045
0.0380351465019537093102126134265856 0.0036088303135513120758111124038878
0.0413026839959442431414308103585513 0.0044429721860267489700754469929838
0.0469637977109924248447320969423886 0.0061961462734144961288781591676621
0.055135043090532797305381178337714 0.009369522180413672490188764468797
0.0661821740640497391728923869500565 0.0149094917085403947890995729262879
0.080526592534862127072102701176441 0.024326923276757102552257234075532
0.09852660625168529795573093191571 0.03976382165287214587212776446503
0.120420207058019159258857133814393 0.06390679404638088729045345285501
0.146319051846580102565489980149488 0.099710183093267091662353180200394
0.176230488873741431161042297511152 0.149985270624542941181916263934417
0.210083599457277001564827603635117 0.21697153941985157056331425569327
0.247745779462421408478078991143346 0.30199706275245509770029128475871
0.289027434469433269478347868996904 0.40528188525075010573729713124862
0.333678380855868230555431985063367 0.52588480207048828918744534657198
0.381381114660896402997841880594227 0.66176490167950297269792086687713
0.43174544169472434389464874399498 0.80992437068800720610820095690403
0.48430757012665431117601339540942 0.96660649889476644899241820323627
0.53853530453899848645276663859787 1.12753132763602977137750925407001
0.59383966274101499189925493994278 1.2881553184703630032021029204423
0.64959214208734567926327820038876 1.4439404475836785805698193169022
0.70514604840168929421202235009973 1.5906148870380631312270471387489
0.75985981634087546493905753998674 1.724405151379774893328667583632
0.8131201149252335417252511985946 1.8422205184418329309858230541476
0.86436271974090816701672435718853 1.9417752766146193211618004355385
0.91308957170770144448003001014677 2.0216419797748468494853153405283
0.95888102743943719574836181395884 2.0812375651687709995549075142451
1.00140292616002601929060460026976 2.1207519352306731126741277412052
1.04040865577422251493736597339342 2.1410339526633328957397930892863
1.07573682990343508860176025668013 2.1434521093055829807625413426083
1.10730545802718688470765518525123 2.1297465725343787506658225031774
1.13510360544034246495423583999111 2.101886628061365407089679534612
1.1591815238058584971854174147833 2.0619436904224373848514449242406
1.17964012462005301992560051270218 2.0119859563608420308453977314356
1.1966205057372531466833787737937 1.9539971056028809062941509813835
1.21029405984209690454820394444573 1.8898185946869743501528932220045
1.22085351834113090821256036308559 1.8211131604181846367516584825251
1.22850513124354134583953679168139 1.749346086587180906217672085358
1.2334620599634829423720846139853 1.6757804153726757226318271402431
1.23593896940243392817281792452268 1.6014824089652517874970543063918
1.23614774263357597061270227203131 1.5273339813666221326923296314795
1.23429420017844104371045995794464 1.4540493687734693234795396963717
1.23057570962152217823227802525857 1.382193979715976242185287464254
1.2251795095818286870318219282414 1.3122037126445398306374023354907
1.2182816522033889246144781470261 1.2444037869188439030131997555123
1.2100464888430489833766580502325 1.1790265039619601795802417507991
1.20062639157402268143290137439405 1.1162269226205635613780444800783
1.19016171557134597418696316759945 1.0560966596317712256743817735375
1.17878255810397121552247127327985 0.9986799625548751143272601961035
1.16660482460326631791439989472584 0.9439728153899250373956333601775
1.15373782382496268365892344137347 0.8919498778930618077519530221111
1.14027930448890653377241451015007 0.8425573760170280211504819545474
1.12631833322113863420459506828313 0.795724832296226405138463689982
1.11193094587662990029221049225175 0.7513596385360087276672526902204
1.09719325360153492895988360972786 0.709377213230857932209782747855
1.08216340335049271276843668449408 0.6696660572321456059177647734813
1.06691749820499632407820073433647 0.632157467673693474301322214752
1.05148365007031169017086688725678 0.5967047756349831706768758366368
1.03595247122941413153527109188229 0.5632798522611840850373691278708
1.02025233594050767461861353895148 0.531598210133494474238948765403
1.00459581368678355189896123649248 0.5018404553601332109200408058215
0.98883955700130544781393035761356 0.47364001428963029319629935482977
0.97315030035074393778100578652694 0.44710941631370867964049252227293
0.95741734787703152441404350000558 0.42197043236826808535429532034253
0.94205961558200593096486129456584 0.39865478843399062605050947209632
0.92637990894137365233146063697257 0.37616000655006440595171334928286
0.91095815236743051164132448699811 0.35512821616136846586354648216889
0.89568134647218094122051348277247 0.33531981073935590404326195765041
0.8804983623836073851850051892614 0.31659283240120181011159312724145
0.86547479651267604151680820329316 0.2989432153569450972544355142602
0.85051017026660482417679658276856 0.28219762340806738045782770814785
0.8359052816329406499800562634903 0.26658883831685529185479841952467
0.8217029799292502182304690372833 0.25207274006020984652151348096971
0.80710126991975674863804756521958 0.23785892143126982616599443990753
0.79297493388024535418197930475679 0.22469892726811010450465423319838
0.77881700625754933181415301897752 0.2120995788225731733690097470304
0.76508165569979862793893108242402 0.20039300144289423103563075866255
0.75144978851560045647460537720709 0.18927411789703263941244383975027
0.73847159757882252673588046269852 0.17911159243350156493703875844889
0.72478235914576952813271689998007 0.16887595978118189182110150209319
0.71172086896541796598606201832403 0.15950777937628998315009151919064
0.69890879621851343564509192415562 0.15069575916486211863602096387736
0.68630610000602811668507429310619 0.142381347784023266360718383495
0.67390875232996443585002624943301 0.13453361279370132580232835494967
0.66169948616405365216641196254382 0.12711622082457104589079163161495
0.64958872796847347031804071214964 0.12005592735800777054044977140242
0.63782123060461335078929828505862 0.11346683954858210377612555692423
0.62622429609001685625706136022481 0.10722993291785907127615251293694
0.61469434377212203774194246270581 0.10127562351254955657858037423065
0.60343861978135815430853196201345 0.09569096025568829865460351205461
0.592407612860953258549980002698 0.0904311500770699591898215011838
0.58152723853962320497109894016333 0.08544530623198271474580571629683
0.5708465925065120694560901600704 0.08074074290400409356396922511453
0.56037879773758608418009457680537 0.07630766657770707889214339460151
0.55005676058540184102882955256779 0.0721047675208881362807126858934
0.5399167493190570539185559477149 0.06813462429347039491984384275136
0.52997114729131182484706614789357 0.06438960775176500966985289733844
0.52019076442690337445871943015688 0.06084745606017285988181414269478
0.51058018862002638286163878954128 0.05749947264730738906917410946398
0.5011644817473186257709259414874 0.05434389544277693048823367353832
0.49189692933748092507193216046218 0.05135575947455861084390770010018
0.48279378395509821620228239781979 0.04853179395148655104415451979049
0.47387580061328837760409105128174 0.04586968666084932462593670960779
0.46505186512820647997023794332739 0.043335353545372120372108600559456
0.45648029458318836669998988461275 0.04096607166928818703125875085925
0.44797866021506661790393042521596 0.038704661587844183322152142065681
0.43972059203724013766451399130364 0.036590376261738729785121895308959
0.43156052896037277665085965358369 0.034579443255938955858349511423913
0.42356380484168675784705060445721 0.032682566600477252265282636584763
0.41570597439980478128396834527892 0.030888361081628891313340716487245
0.40798158123430313357616284345527 0.029190606812811699029569301220225
0.40040846926757903804527214585677 0.027588297783507621028938094342916
0.39296955727152349603644108748117 0.026073134897217372029833112723802
0.38568082804140868889688533675648 0.024643887257864801111701275187222
0.3785065969649207084531143765691 0.023289522143602909071344730992258
0.37147255730189878431250450556509 0.022011099061237764908835517418315
0.36460051798104754169143717821143 0.020808480588357449986996438103011
0.35782941531659303382636994456204 0.019667489824349054820477012314615
0.35117953597261538887762732547355 0.018588554384690833738237132973702
0.34465417143890940739045570558238 0.017569134939066611631335442726475
0.33819188626832569603793685188677 0.016597217258245481007515743325996
0.33191543023423553155683629896054 0.015688374037819895619718498869483
0.32575469404659909731977121407323 0.01482931758777067352103369087144
0.3197277071486888559480006480683 0.014019961383782706762671072568852
0.31367688809165488123724268386692 0.013237731340080469455035418934895
0.30787788535796225337860142075167 0.012515966315504240205694703426135
0.30212838091940545410619730519189 0.011826849182206039838028400352372
0.29656406454863034731789872950083 0.011184540468064056330137313728922
0.2910318412091124390503258005636 0.010569500974946389784706368036569
0.28562798658130234762268673393255 0.009990972785302082698604502552588
0.28029960641827460857593245027255 0.009441641184595459936332415050785
0.27508285453888832529327605604945 0.008923741220386548963800267290562
0.26996738704140978186323222686755 0.008434675795998147200304738866214
0.26494971366647636885469306108372 0.007972683438561184985312157104575
0.25998519624812811040243593142117 0.007532535037064448034478108059987
0.25516657522544079469468825954027 0.00712113413374703382630035931192
0.25041619610094064972721637510977 0.006730523304870940609057702883873
0.24574955071858948685558428213761 0.006360990400499139730847951499839
0.24117961411356161766085900274954 0.006012490087302339185473320121617
0.23669809798687597606753766079734 0.005683344002317231999897035284658
0.23224964013396947361171690690054 0.00536874504804563775120980658367
0.22791919333327985262412630806555 0.005073868304429547535005012061422
0.22373538542119474935637370113057 0.004799435850051038808409219810238
0.21955057131168681958064253476432 0.004535031350741528356498933195394
0.21546349113692757380548435022486 0.0042863612249968129819495820649182
0.21144828465810284620566175571171 0.0040510904948238409907341419301558
0.20751348710293006653375197278691 0.003829047761901472977688223406449
0.20366236313893186214770865338014 0.0036197371985923706871271121864468
0.19985195838436133604563691167218 0.0034202933055736491626660200176368
0.19612428463590122948520218143822 0.0032324077545963443136236867533355
0.19247978722855054489884392848169 0.0030554962246799607092911794905994
0.18890371693741629368838329207439 0.0028883021335417373735049136454805
0.18539288784778606351403544588874 0.0027302062036985524763248238412486
0.18192644397996511030404581288591 0.0025798782747060865377997609852378
0.1785355945311650545358836930692 0.0024382710116716233618553987610296
0.17517946734171442792358685567848 0.0023033145492457883896315104704116
0.17192357938776759958496126838473 0.0021772403518300965967628139945261
0.16875086061577381689313568969023 0.0020588973120666267281412655889248
0.1656049162661067218459998225271 0.0019458675339989398172039471794122
0.16252464684283010060566969370442 0.0018392823865174727692834838600283
0.15949517176693109918442852928903 0.0017383237840112940861070342470512
0.15657046438173789483657743955217 0.0016444288754038877684564718703331
0.15366493493219400298797043090328 0.0015545604282929727124330479127894
0.15076672872251518712191222832643 0.0014682421414825576460779104914374
0.14793724818440598278246059603869 0.0013871128100283019719540080813935
0.14521613509226262705326810614924 0.0013119641377411110390224633389015
0.14250307935649830201130190004184 0.0012397907453318997173258633619692
0.13982866606813221254187097267872 0.0011712853469909974558645037247109
0.1372420969830318851098187274392 0.0011074768069343317662882549495845
0.134667732521648533507441441647521 0.0010463136502244139135051259216137
0.132161081376115145892136119903436 0.0009889645869122472829768979240223
0.129711526694158348702660991424411 0.0009349847688011280971689153209889
0.127282998393828585305959645184973 0.0008834438119495569343263595335618