1.17148512063546166206444699454042 151.329096556457364383346016431952
1.07746229338139903084210438477165 116.992415563137619575607500443293
0.99251552245789323268959588176383 90.770870931387461312755122998763
0.91579177621588614447049419016066 70.695517805869678432115377218588
0.84652347622245632300642496838116 55.284864240661535930362932769645
0.784022423708622627819707057249188 43.422655931886535927365190253441
0.727674837697371950867108918949089 34.266579469312292790852001175859
0.676937349624590663005410479015007 27.179998562460722743568241889632
0.631333698058294304818437999733401 21.6808588436630131826603553374955
0.590451733452146548885914157778738 17.4033997720176767352395378975614
0.553940191596541686073824160201216 14.0694303639465619533725561439246
0.521504560104356460254137460623844 11.4667576079471868740199960501746
0.492901304316486975914223684085412 9.4329751956738878036217849728306
0.467929818139842152089281887232575 7.8432791702446957888736584420951
0.446421800746165596898144541931701 6.601315919890939841712842289231
0.42822836000343251331936467424297 5.6323165572833969114047851119081
0.413205919731136046126076339832207 4.8779534473597023392058414845392
0.40120271826428463532909789420016 4.2924882279952030244336220421477
0.392047991446767168451700718215773 3.8398811129927029601645091040645
0.385545575302643850408578322130421 3.4916097228380042932841968938476
0.381472671135083690513547230172364 3.2250091212343557188363367553147
0.379583263172745994598567588660862 3.0219962927180174661401512596443
0.379614693778742434214031449119452 2.8680827230869542845062217926186
0.381295545723776236365373735398281 2.7516082739560366102308423966753
0.384353261976198124886862403216167 2.6631492409986834896438744470512
0.388520571636301309129616123649733 2.5950654766752690273794134553435
0.393540443406290719115208328761895 2.5411583278062127548713715013911
0.399169732652319187985342611483757 2.4964152034577260433499618641373
0.405181870521661091844465666614529 2.4568195015682417834175815633219
0.411368925150106857235821814062031 2.4192073438659857237980190962961
0.417543245408200494418450615260452 2.3811555241509012367566614710581
0.423538761978800909012932847581729 2.3408883356415932163151644228209
0.429211919558980926440483328211496 2.2971943612135493850625604613987
0.4344421658643913462038445341989 2.2493476241269828414563202473995
0.439131923936018373908668553023535 2.1970304186769345530979785872661
0.443206008804514814614972249869523 2.1402574337474642375118387348716
0.446610499753957101012807387274139 2.0793023166269915356968955931015
0.449311129508175462033227569633674 2.014628595251687561275626932217
0.451291290821773484229901240021062 1.9468269922854168099904475207414
0.452549783834513583034090979793174 1.8765608052109581305692656037092
0.453098433465846324526542126271779 1.8045203984756741895752029104178
0.452959697668062500997616784666238 1.731387144022752215781894652964
0.452164368785461293758933776066372 1.6578064964786391966226825328858
0.450749446232578016150697580569412 1.5843693843018789730873842547973
0.448756233293104551800627086571258 1.51160077170823499938260978829888
0.44622868712576697985781379941215 1.43995409249242245610615085349623
0.443212030952034983488949007189691 1.36981024613566100317782160132075
0.439751621785165029095395508511822 1.30147993895350619734186324327533
0.435892056022928293292357414184748 1.23520830834269179051536156150922
0.431676488343504205121150845265952 1.17118095238762531453346634957803
0.427146135895365497215079736645121 1.10953067451490253551641571303765
0.422339938963659760696374604202277 1.05034442673695258773598180838632
0.417294350344749802897452656497191 0.99367008577936916852909859396237
0.412043227906895252718189399891321 0.93952282036929644962240176361158
0.40661780771786294792595653536813 0.887890905251413467072366848359
0.401046738281825987029960956103113 0.83874091055323900139995908962322
0.39535615956846551670746863768678 0.79202224751132327746144029050311
0.389569813461216742523948757696185 0.74767108721658738092779877143413
0.383709174891199974746333992678997 0.70561369162705260936478060826201
0.377793595226157273728866855557008 0.66576920899520144871427471584571
0.371840451426843039225271346646094 0.62805199170233325839954350673639
0.365865296101685034510773164273726 0.59237349556963414520199897989176
0.359882004900983713444502428945276 0.55864381761297586657075305946151
0.353902918741345843105687063900115 0.5267729252220588194298147522905
0.347938979175228410690575766374456 0.49667162474419024750121208890138
0.341999855855747218855348800838484 0.46825231205035584952717547707836
0.336094065530716831518101021736902 0.44142954227980909028768716503873
0.330229082357661223207566692346081 0.41612045083292582262577476774805
0.324411439593015988448688168704845 0.39224505297553051207723645937973
0.318646822892415892947483204223568 0.36972644518796709898112070173522
0.312940155583197001129302971157794 0.34849092766285234089807092236324
0.307295676349146212709349372368952 0.32846806411388107690771368740761
0.301717009813457916728274017030935 0.30959069227596202452997925054137
0.296207230525225649340222633821828 0.29179489610394914493226865136323
0.290768920856756154687644334675166 0.27501994867568405939206615826275
0.285404223308967263150852074211774 0.25920823312832187372935649839071
0.280114887701779883128577939298262 0.24430514755387108678074626023529
0.274902313702433666103825713693845 0.23025899862137503556067451704448
0.269767589115722666897566617763061 0.21702088773211474616785348142883
0.264711524330532133753428769437348 0.20454459272658087446089315974211
0.259734683287510366039188083910369 0.19278644751812966664472745401704
0.254837411302372743103430024636702 0.18170522150032372411875974994309
0.250019860051137747644326673372682 0.17126200014877243728160998831935
0.245282009996206249957502478385575 0.16142006789228836149438709726659
0.240623690507463863202865933706481 0.15214479405160937068324275653092
0.236044597907927371491957094841633 0.14340352241903688007805828682404
0.231544311652072830200383714657541 0.13516546487594344763003407907977
0.227122308825313119406178896148531 0.127401599305162631470044342659841
0.222777977133634271333208258072667 0.120084571942657542686794287056282
0.218510626536697072518048043380613 0.113188604228574083003365954202519
0.214319499662130345200498755329881 0.10668940415044095604778719452366
0.210203781124444287006937168543802 0.100564082019825232538078854126767
0.20616260586071922701287186602291 0.094791070587653267616605074147778
0.202195066582614726747929895446083 0.089350049373512319444406831929981
0.198300220435009715405609593386086 0.084221873066016794204027453531783
0.194477094942336574995006200896642 0.079388503837833924052509162074777
0.190724693315056564659853395069017 0.074832947410231763291092693365537
0.187041999181633112228138768142364 0.070539192698203685884971376134728
0.183427980804656467858911399372029 0.066492154865927084836223249601727
0.179881594833959793025622651330115 0.062677621623605806293357869199852
0.176401789643697383167236156779191 0.059082202599068481634336438434846
0.172987508296374144190206358703777 0.055693281622604435099777841295883
0.169637691171451012333968640986177 0.05249897176751108004133484151039
0.166351278293348920968823477432279 0.049488072995731888474617662302964
0.16312721138922092849205951142691 0.046650032263154484474915852043853
0.159964435704632596637179087346327 0.043974905946432097170702871689256
0.156861901601699923257176796683978 0.041453324458969168162100090953095
0.153818565961899337117653870412781 0.039076458930465154265892854972713
0.150833393414506541825159680516839 0.03683598983161930161178170074055
0.147905357407497522168159912936667 0.034724077430210461408091100894028
0.145033441138021954973601206490116 0.032733333972595178076787190571231
0.142216638357086705892832124068139 0.030856797489811359074303802770675
0.139453954060852442864355936893657 0.029087907132656012199803669439255
0.136744405080880743901135135483272 0.027420479946420980835556946730851
0.134087020584398150497713741969504 0.025848689000968005992372801608833
0.131480842492885400146276291406362 0.024367042795703200470403715767094
0.128924925828630670666351599256002 0.022970365865114639335194027788026
0.126418338996463376080047228558716 0.021653780513940755708681809846423
0.123960164008409002151131525275824 0.020412689615929409214293108941526
0.121549496655521779015806160249102 0.019242760412622938082254597240956
0.119185446635550889671844247842297 0.01813990925491346144404589349938
0.11686713763827505072482504814945 0.017100287230393564445845185149601
0.114593707395889592405088764256524 0.016120266625845481714922151569745
0.112364307699594523611769575526826 0.015196428174555956366846004595295
0.110178104389786121915744466791713 0.014325549044050275329385949015174
0.10803427731952861977994392078139 0.013504591519334754593400769913983
0.105932020295263998522003874441267 0.012730692341432150006068697514388
0.103870541000550740833626485361488 0.0120011526640172298735716572959626
0.101849060899351417773516863665837 0.0113134285898881230499112483500207
0.099866815126365634989341240472405 0.0106651222553881811255949716072976
0.097923052364128563052558183952329 0.0100539734299936630426325457326797
0.096017034708402246853147791391586 0.0094778516010036155990575562865681
0.094148037522596845585252013748049 0.0089347485148840296893041808944354
0.092315349286325713793080677398885 0.0084227711497915777138412894784148
0.090518271434017619311586101295318 0.007940135092661846946634016407452
0.088756118190494202126070683945063 0.0074851582989959924857963910782509
0.087028216397854306773262185063737 0.0070562552113494917430095977437845
0.085333905342378631609436434798579 0.0066519312177483132903476995642759
0.083672536572627787920762173514801 0.0062707774279537512300078891394133
0.082043473721835409057267109004013 0.0059114657521184307408024865977426
0.080446092323120395896598175794271 0.005572744261484127178839179140336
0.078879779624277555604024649664892 0.0052534328162899093760365404137264
0.077343934402116701607383979184646 0.0049524189452936104344611450271778
0.075837966778556553122978299083217 0.0046686539626740419691832060635105
0.074361298030925603012576486311248 0.0044011493071083747805410063836997
0.072913360409792406210427044180977 0.004148973092639848446519054955487
0.071493596951265409426833605239767 0.0039112468566486424483522517185109
0.07010146129408396875860551745224 0.0036871424953713768656710945376867
0.068736417495245527471151603403408 0.0034758793750346010379246380687227
0.067397939849582037361123501731252 0.0032767216093301800495213055386704
0.066085512707670618965776064782982 0.0030889754927542403378673112308673
0.06479863029992247999084474405467 0.0029119870819705082361278029582413
0.063536796558760739360895232280104 0.0027451399154780516788318902270042
0.062299524937949219826600460150476 0.0025878528636032561764361761710284
0.061086338251689921927852449531027 0.0024395781041416219520181456970916
0.05989676849287485884137130356082 0.0022997992112703410609368460161274
0.058730356672808229370324544068298 0.0021680293564868070509854296405881
0.057586652645756518756416078581754 0.0020438096107486607731510466477104
0.056465214959553373996873825107406 0.0019267073466265209980089565151804
0.055365610679960257088557403503472 0.001816314729037217583408833932912
0.054287415233864810579474889098341 0.0017122472943577547008492548363476
0.053230212260791640477881646654084 0.0016141426115277648733353744415058
0.052193593457819447376621724298731 0.0015216590190174020687068417222439
0.051177158419554131870152307984801 0.001434474433624154241550457464226
0.050180514489272290976912811289537 0.0013522852284080722991122738330167
0.049203276624795600456042257448755 0.00127480517591100896384415474099094
0.048245067248456651387163330010427 0.0012017644504216859746747107607473
0.047305516085892741927294038673333 0.0011329086865488397620581263803135
0.046384260055133302815610907826989 0.00106799809531811486801366197357737
0.0454809431292074567853497252799 0.00100680662866647848274813676544447
0.044595216163809148098173839616388 0.00094912118946286187441127927547413
0.043726736816531371296494309872285 0.00089474089271703202313147678116137
0.042875169382165414374675817051892 0.00084347636347546015186878676596261
0.042040184670702682558995921210121 0.00079514907762836656176997590639656
0.041221459886173318810473001359701 0.00074959074035915893809898027644297
0.040418678521323372757299719568585 0.00070664270088901541912391103960028
0.0396315301923359347762620167521519 0.00066615539746758307687123720878301
0.038859710562002878156563024188185 0.00062798783875572455875566390655029
0.0381029212287453595333913522911785 0.00059200711287023936026176198918397
0.0373608695420913386381331313607427 0.00055808792113825981972336797498027
0.0366332685931652537379098375542489 0.00052611214658058027905780282329384
0.0359198370264111693146272147191349 0.00049596843883796163164724974716876
0.0352202989632689000558732851138837 0.00046755182785163872325323389163539
0.0345343838800799306702654221329765 0.00044076335762102696132555400627582
0.0338618265503368329967213824818836 0.00041550974335519601791020860755354
0.033202366878385730115984634342488 0.00039170304405980099959194812367621
0.0325557498113928716835437313768134 0.00036926035689526031930936218577413
0.0319217252728633146399367533848343 0.00034810352960969136126377896918018
0.0313000481153918461994876321284609 0.00032815888981001526110030042737487