0.88700028068066087594516305172879 64.144516990252296509939905293662
0.81104203913542202658132073744068 48.518344259963784694782725203758
0.741044189981418410720436935394518 36.557042469929900183122314444288
0.676183616952888430430488728152223 27.384020423183569561480275147834
0.615702642093001170875304122669983 20.3430568660036052117177357571715
0.558919087958468070041018761100137 14.9428268932356023370221659283592
0.505244441760356164586736800755051 10.8149876105621563578133502906813
0.45421237958703589573896338832431 7.6822414751609618501345499986236
0.405520329663741797220111016878738 5.3337861486876407870303359199643
0.359086502590905912623920238477565 3.6063625423041231492640957403362
0.315121793195293909549738952207644 2.36977745674634691387768037988246
0.274204733858808436105527882995635 1.51632172476567716720225777487722
0.237318703497458801157265155582722 0.95391129334208361660232300310759
0.205761701696714556764780537358696 0.6029413911250005635679564391266
0.180820544255335727287016580583024 0.39647209363163008550477670882629
0.163247429505501694244018153910326 0.28220137904661050275789884202414
0.152885632729369932578170563542928 0.223526498240459007601359858719531
0.148808367329512866069462853118722 0.197793578866968778714340527115137
0.149829631962954969016267172838824 0.19245139212712170512704411284944
0.154936268707113937066814022747198 0.201175205120069989188553098056328
0.163444735082234462304252208903465 0.221138286796301708282850563196638
0.174970972130642738358815269473069 0.2514189820123338332820131360266
0.189339659450830351102256629367439 0.29212252000077038326596429869041
0.20649651585077468916737537621592 0.3438675382298845474144939029407
0.226441172691567042463200019978684 0.40744028664334668535694765791447
0.24918029202248678135112313982766 0.48352725191730608754059004341742
0.274696367847479579658854745093878 0.57249619361054335579830035303159
0.302927748167224410321260179019755 0.67422350661182920324819401430314
0.333756511899822397736553458455469 0.78797546742845757733501139132379
0.367002014265143933468285435043278 0.91235076367753990322237144014012
0.402418908988932974652834730288873 1.04528733748052320147106667757253
0.43969913791749759135681144198467 1.18413125162381652232743704683971
0.47847769810576002078245012670596 1.32576034003691132730153853550557
0.51834198814117076569239568214908 1.4667510432493006713622628084637
0.55884430197230794587509029487189 1.6035730715162979867215327675007
0.599516712462976964547265069513 1.7327937435326719712813069112268
0.63988729352849265452601488104402 1.8512727091973136554914928331853
0.67949646011793066836975509917772 1.9563289254828744386428616348198
0.71791220359293562200193597476584 2.0458653975379622612586953691544
0.75474316334726620233370428209934 2.1184428471324933718677726988892
0.78964876415467988837598166708231 2.1733001001398916120183891551136
0.82234600281591699604198443902522 2.2103253436285204988569080919955
0.85261282408540849874867258533919 2.2299873950985473184832346045728
0.88028833264156790448473768034845 2.233239089800446588606976137463
0.90527031216707804717694085795471 2.2214056942122569186911292370825
0.92751065245407477508853822284123 2.1960702142214371923318036699378
0.94700932654010256625377329303496 2.1589651764229274450139152997938
0.9638075295312401274576930344434 2.1118775810841170795548698229437
0.97798051154967018315525443931758 2.0565708296493264671460082669376
0.98963053167431820364551292006717 1.9947249194359243907558409758921
0.99888024662165232307003537963372 1.9278942831595829416804347775961
1.00586674110028442449052442821258 1.8574813811414703746020370048904
1.01073631460145112544401220077179 1.7847234673012700685018112355769
1.01364006571306611925773228070131 1.7106897260141940361733982463367
1.01473026054925779536658264729466 1.6362860793488919929525294215296
1.01415743467274608093472967972747 1.5622652649255916261230125124607
1.0120681553773055234259545877287 1.4892401825700494379257083326776
1.00860336012975799894346149809825 1.4176989287031180825833578512857
1.00389718428878788743865024178569 1.3480203336166575135162229890151
0.99807619429962292601681990807699 1.2804891625713682912751995480355
0.99125894916401850097743592080641 1.2153104260917646763800140857132
0.9835558216252928907034145149321 1.1526224682438753441146965641453
0.97506901970947211474964163945686 1.0925086684227810677573564800993
0.96589275859970201857698104361781 1.0350077121021629311724984697684
0.95611354139516198681489360494159 0.9801224667059077693153299396122
0.94581051515489587620403675148801 0.9278275501592298934444438727956
0.93505587544120456278702264252662 0.8780757086581923852585477853315
0.92391529839453449779706396888896 0.8308031333015997387795782129575
0.91244838423797763776205511931445 0.785933847447012335941124562276
0.90070910015894508210325974416881 0.7433832919240450400534366658413
0.88874621370403309553469948440745 0.7030612259824597940704498391663
0.87660371046980643720610244181912 0.6648740506744657622303884583179
0.86432119188250033559683032256619 0.6287266491046539284914261702681
0.8519342504396390434095214008979 0.59452382586190073290592269007557
0.83947482101908348104058902601693 0.56217141651125021522476445313983
0.82697150771741957192009880956012 0.53157712737432773766920360453564
0.81444988641526012476504825387534 0.50265115653718323054688739706326
0.80193278365419194978782887534201 0.47530663854033491073945672606255
0.78944053282491783986139898704389 0.44945994818841522160230747541413
0.77699120878969478217098425064964 0.42503089258022570892985777459767
0.76460084228151044273586742091905 0.40194281540133790302331034859503
0.75228361538737045761449840125327 0.38012263294679212421482047576398
0.74005203952295663128330036871773 0.35950081781176521383895533189319
0.7279171172134460063916392026156 0.34001134301091552938297894952364
0.71588848901046543083777607971605 0.3215915968569746486692009813106
0.70397456677724470673213388763487 0.3041822767914307385049241324316
0.6921826544918398758889631425975 0.28772726865028424915825515277066
0.68051905771304931056465661113141 0.27217351655567372695268703657459
0.66898918268299323413924352784603 0.2574708873743160844385526316462
0.6575976260260234061128761199431 0.24357203286258322309293673791508
0.64634825592339291658045800709351 0.23043225187516896779326212248858
0.6352442855234694309786188648445 0.21800935437607823403805345405523
0.62428833935297181737649456450959 0.20626352860860635867433978618874
0.6134825133631934277621157043059 0.19515721233428892992953578173083
0.60282842922147412942030527277222 0.18465496880087027966743312423064
0.59232728340181881715094817040249 0.17472336786756943047316465611153
0.58197989156269665802160353654663 0.16533087252407934963899632319548
0.57178672865624202005510531385825 0.15644773090799389640385364866241
0.56174796520476288774029144350087 0.14804587385030273187426016308807
0.5518635000683037154485938289724 0.14009881783823641131347095723598
0.54213299007474888918271911614942 0.13258157329975389350191258880442
0.53255587679993428340904053926199 0.12547055802761607578276133451084
0.52313141075921469534787941929229 0.11874351553885062530811299403767
0.51385867328494124984616857585721 0.11237943817555925661795404667035
0.50473659627089712544839473804404 0.10635849469320449562865456095275
0.495763980034579845936494183735 0.10066196214222361790555567749573
0.48693950942843079288318372505417 0.09527216178053019584352884842935
0.47826176840520964870715138498562 0.09017239881916953794102615255907
0.46972925315812004284547754556183 0.0853469057645471928497188238326
0.46134038398487710634336705377858 0.08078078915543927041334481016172
0.45309351599103008985091036780744 0.07645997948860118047134025513626
0.44498694874575441690420680022867 0.07237118414180492229180750676118
0.437018934982856695722541871471 0.06850184310763573284279197186115
0.42918768843929119777766882003996 0.06484008736632436332725446314852
0.42149139091953985194383850521849 0.06137469973728450641424678038496
0.41392819864997438944821951358964 0.05809507805074347698183501682101
0.40649624798661561470099576721693 0.054991200493986328256559903931657
0.39919366055838159640478591597064 0.052053593005740687256439691861074
0.39201854786484958936980671634804 0.049273298576561385566159649576224
0.3849690154138722892249772245924 0.04664184835129196698710531546017
0.37804316641872387693846072233037 0.044151234411854040845248642575613
0.37123910510589586539504048634919 0.041793884140704138913430001711294
0.36455493967099317050572775345986 0.039562636067652048291956087842674
0.35798878490906480532201988420733 0.03745071710668965622355052775615
0.35153876456128908695870992494071 0.035451721101739233691788303966769
0.34520301338743412229104908849062 0.033559588595997849560475188096459
0.33897967901146884295624799163933 0.031768587757822043706794757973536
0.33286692354208882380123337952671 0.030073296387148015500384152266201
0.32686292500080388597267254885327 0.028468584941364722420192928911388
0.32096587857676698545026892121605 0.026949600519825750045846109320181
0.31517399771489882688085623896 0.02551175174739902227443146274821
0.30948551506178945148411228523547 0.024150694506424410313955229364271
0.3038986832830214737985728260204 0.022862318467033584835130011858558
0.29841177576110557969405553889329 0.021642734368263770289726685487459
0.29302308718008438498929603122769 0.020488262005164120691517542418197
0.28773093402597947196469260782085 0.019395418885034980127830159557441
0.28253365498768416810710339954387 0.018360909508825242781456240575851
0.27742961128947717025421041929536 0.01738161524650514398220063599686
0.27241718694242516208447562896514 0.016454584768300536802229224146696
0.26749478894317400592661185302987 0.015577025004231363350859397799782
0.262660847410664385134582250294 0.014746292598864836068030878343557
0.25791381566434292220336857110374 0.013959885833066367964280296130698
0.25325217026998551883807026509756 0.013215436989894827178113623329177
0.24867441104062103740770316760097 0.012510705136621090328365421938851
0.24417906098107944242026523904386 0.011843569297362851154208920959088
0.23976466623077030476198662944324 0.01121202200218499413311197027594
0.23542979595654976584692592064332 0.010614163183789972600349646578053
0.23117304222123876923407946822453 0.010048194405971541350209316272241
0.22699301985146824591729432507567 0.009512413407992995538123395388488
0.22288836622669485911068368429509 0.009005208937051066799637726869308
0.21885774113673656846965466211994 0.008525055871307506299662673437796
0.21489982654087995059682743561642 0.008070510596356286915163504228437
0.21101332636216087654644543070688 0.007640206637424363093206591279023
0.20719696625551983646232401212108 0.00723285052555906011006528779519
0.20344949336212264927570383786695 0.006847217886384388959536932600228
0.19976967606918344955791706405039 0.006482149741071071265537910061684
0.19615630373433287275517715772258 0.006136549003687731675959972030895
0.19260818643637039215672640597059 0.005809377170255587679193879283544
0.18912415469964833072057771215977 0.005499651183769114271588563229225
0.18570305920792291162394359908363 0.0052064404672568198367966671765763
0.18234377054470617512406346245618 0.0049288641187924538059910115880803
0.17904517890952578667839106376982 0.0046660882551660260302298330131651
0.17580619382083289029301960177201 0.0044173234972767464366300299614576
0.17262574387301727526478483693409 0.0041818225946062465755820500491932
0.16950277634383060456880414674191 0.0039588781661290071782541156709371
0.166436257081296747517057815717139 0.003747820582438219244760174596112
0.163425170064289138089577804916817 0.0035480159381260185581899615392429
0.160468517216990890401137766978009 0.0033588641503521639291087989717417
0.157565318059717916912608672647388 0.0031797971482016403771010496689934
0.154714609472239142333602149810651 0.0030102771661138921211105318055822
0.151915445380569286725827187165028 0.0028497951237862153861335064872379
0.149166896594693805580571940423902 0.0026978691011437260801514404051663
0.146468050278016994424146160385995 0.0025540428744653018060929987985503
0.14381800995693394147969799604034 0.0024178845601200590888605610877685
0.141215895091029740343937112342266 0.0022889853069272014999659357556758
0.138660840899841944151971224984026 0.0021669580716265019655448463042756
0.136151997873896043752390294919397 0.0020514364446507890270982465000237
0.133688531915544248140150079813386 0.0019420735676252526621943220152938
0.131269623663004291033469424588999 0.0018385410713303565464995827935801
0.128894468491434241300470584919445 0.0017405281006337093168343666059897
0.126562276266056102739333360491888 0.0016477403799288022266233573333883
0.124272270820019162029706782098072 0.0015598993179860653701286603077095
0.122023690203317378009955794548485 0.0014767411901704986820747298664282
0.119815785856023106066997556864248 0.0013980163235681106515059872002046
0.117647822816567850821607683386222 0.0013234883638512032764101906233656
0.115519079271660298723019933651675 0.0012529335572022285847686987210403
0.113428846472573934635728851693233 0.001186140083135692693452624007875
0.111376428291289147832405157156713 0.0011229074111598668945722254695212
0.109361141204208924148237983995132 0.0010630457052232183963954670969244