0.87290030046277527962322506831857 61.038427894583961964450777177172
0.797346913377367810425196912884993 46.017618146011626859682561409718
0.72751728758866868294303011806047 34.518185709241066125640941810631
0.66257059392835415339879991089898 25.7005357002951300802212423124647
0.601728527621871607947223885101337 18.9367557972575424434740830258511
0.544286611302188929680049655518209 13.7572369127188699877968176136227
0.489634537696120947172159792641127 9.8102210281220760862457062161136
0.437288560379509412765266885126516 6.8308344483447959347946969332393
0.386940098044922905759203276372851 4.6171381013590473815783875895867
0.338525749117239867689912430869388 3.0115291392098030090816063474624
0.292322389195564081489418237681546 1.88650490315053340040030123824053
0.24905873564112015149506980131394 1.13437270464171042418373075949765
0.209992548854186574927713949465842 0.6609550834741671666895707810706
0.176813040067075786669719777697999 0.38356506251809876091578085062299
0.151167280668957610579808252724009 0.232960712423836883127636469159443
0.133863178486841115137934141823921 0.157001256172769290791581929971033
0.124393830332405319506237819735613 0.121882184515906731982038040871857
0.121345174849085163394935699689223 0.108868381260700562719125981330419
0.123218534316758084794883573705296 0.108863000304372853240385238790222
0.128920823066867483379826967658538 0.117968432788049784392732341242728
0.137826442813015753952882325948425 0.134919951757877993769894720938379
0.149656681428042020389964732904418 0.159823050302031671231154971171798
0.164342364274936591025714156916748 0.193534608547822349875635394252469
0.181918850933357803521412791405632 0.2373057966053899197019318260717
0.202455088188245156268880099243647 0.29251311673858798327066057033184
0.226008376409582205610167707565423 0.36041483983715985679450206296836
0.252596792122678814924948389808602 0.44192443140857953648746002435492
0.282183049368548244108402680731755 0.53741582993221225515634736991796
0.314665413628356646662560738705869 0.64658010040881151993703021124135
0.349873000641999827546841592264831 0.76834751073969554165940278795211
0.38756426209737654235368867527571 0.90088032209173355848272741689521
0.427428481777728944240762846382562 1.04163384802266490987082475327468
0.46909058621722770765615937592083 1.18747791272595060654111710363282
0.51211956986084534747096007653643 1.3348670507209763114988186152237
0.55604050087287278097113662273866 1.4800446161184815268799123051365
0.60034959475007647437124224652234 1.6192631226208310367383199611356
0.6445313846463254396015685761566 1.7490012163967524699028959165862
0.68807670009722855377613249360959 1.8661576682319791440562121768237
0.7305000532456235262776718752364 1.9682053329603267421614884452478
0.77135513126184273689100249652445 2.0532930976981126864357613356001
0.81024736744477348575553082571781 2.1202905849705966926570953426482
0.84684294450902113643917021175077 2.1687774728594078658426363231854
0.88087399634156815792122186154651 2.1989854009534411044569581152181
0.91214015168330550146909012681103 2.2117045734523045251302167656667
0.94050685783997116601705904339705 2.208168951604212232953287158848
0.96590111178591178834290917106536 2.1899335088115584214807873630246
0.98830530980937174462691845438231 2.1587549626795605105575229199225
1.00774992060701067207041895298746 2.1164844190927372000557841914038
1.02430561521260426497258152038524 2.0649771518498215976526784258792
1.03807537645024470287898718424972 2.0060218157168383441045142208786
1.0491869842567479616429694659829 1.9412890594998807472666458899553
1.05778614900628360346291005680945 1.8722978803652908981961396179924
1.06403045466655072022430730637066 1.8003971094239268407192608921369
1.06808418324031952251737871000997 1.7267590242398555326971777144281
1.07011402338778437217622563684498 1.6523820973945357732673015251914
1.07028561796290486089926745095635 1.5781001638243768528490654340767
1.06876087495091450607105822746936 1.5045957024218663436493980154223
1.0656959499852479345020780174918 1.4324153856011670746715365576731
1.06123980307165731064424701762247 1.3619864952691740648121054925133
1.05553323383295550157870424591499 1.2936331982335052400143658433346
1.0487083064044927235075218630024 1.2275920047529162205287480417636
1.04088808354636758020943008523331 1.1640259921581380969761912955302
1.03218660121302236858927463397317 1.1030375777339392751757028695758
1.02270902399889484380828923185633 1.0446797625020025617435453216961
1.01255193287601474134710814073008 0.9889658688361974837289203643907
1.00180370426268672264252214116467 0.9358778529213134743356830913511
0.99054495114305657607976035712534 0.8853733204247917958192335571994
0.97884899935793099148497944711218 0.8373913772773547731377995818856
0.96678237716459265083767530749818 0.7918574519405255153898612359219
0.95440531357239893717335972213982 0.7486872534449829667266689850761
0.94177220153729544001899117040509 0.7077899143460012297166338273444
0.92893211454776870307037822721542 0.6690706612249531917296657129227
0.91592919124374876117679587184226 0.6324326977035949370410723315204
0.90280309278177662598863150148299 0.5977788740934106903920161923558
0.88958941124838977989180278274173 0.5650129325312258891409021263488
0.87631998945179226474675479016325 0.53404033808250988614869295073422
0.8630233055775399415509103019451 0.50476905359261222698217561493113
0.84972474247048071987819953840797 0.47710995166004613459477326310471
0.83644693511220966748111047180309 0.45097725885119338250706103061544
0.82321004915960347518057978498225 0.42628878426275177731277706751535
0.81003179243776923175709870565101 0.40296568374267809221441209208011
0.79692803827845523765867587214962 0.38093313984249258314806387485445
0.78391272721403311431041995553139 0.36011987491711426367892527174151
0.77099774652146150174511518041967 0.3404577198939059004386164256483
0.75819433432354527399981124738703 0.32188320397394673646639200198801
0.74551148053565250906471396956605 0.30433508596127763489200029993522
0.73295746086401309876300943609186 0.28775609564219424652254496614376
0.72053916765264855989843864582556 0.27209177932986331159950873209604
0.70826283187085648538976736945751 0.25729108781328470172351176782229
0.696133482167143116598006406532 0.24330548949479311915116144877653
0.68415504025994922189674981590402 0.23008889615086694037578699496875
0.67233175130650659844579266208823 0.21759888633908169430856597168588
0.66066617416184097703925845833369 0.20579442292966703608752151622806
0.64916079842287401319275668103493 0.19463730461899146077575086179816
0.63781734482225538827025116193591 0.18409128692080333263815523492762
0.62663732274210468685988558563624 0.17412241930235050897666585461849
0.61562144091482323417112051099426 0.16469837337762534254137662975346
0.60477051250215931548041639811377 0.15578905439351355745569155762875
0.59408480155824291358626974558211 0.14736590719645637140729453664808
0.58356389662269698843201934861681 0.1394017312539875837498919995462
0.57320747542615435879138131327625 0.1318711408854688671125327767028
0.56301562599945580869311628471677 0.12475062059985364657809582085979
0.55298673480976927714521119474668 0.11801699241545754703393161929126
0.54312031848171125788884621860177 0.11164924960503884857336032443581
0.5334154173063431974701149829764 0.10562735793406706573209886120284
0.5238699504034705796468059916493 0.09993184334346269136726957074029
0.51448355340865432927675882853391 0.09454538424222462462382254048841
0.50525355099382007355331397919241 0.08945040935761655121644090218201
0.49617929511240144639142873648691 0.08463147354795680350365426446476
0.48725880901344966206109306870367 0.08007333490794400775233521955509
0.47849024749987517317438421196361 0.07576171027218213461081638465175
0.46987183665523085482014921537411 0.0716831747873746863731435722385
0.46140188249437116140851522231748 0.06782510447436498548194111777816
0.45307777938875331233426211980402 0.06417519826214203009222351861115
0.44489831672486266279900055703872 0.06072244741197513102912777869403
0.43686124874561668867028868770648 0.05745602565756765668874373666137
0.42896457030078404185675042749258 0.05436581280807777628982283561498
0.42120626000028768785274891330901 0.051442245592338700185504669483184
0.41358428550589127598312036123433 0.04867628631472759824771082060205
0.40609660769878137972739550851353 0.046059393140565012792474921242595
0.39874118491493701410134543700195 0.043583492324045354439367875653305
0.39151597749169084128754393555966 0.04124095228433750221298298272392
0.38441894783884218514327019928402 0.039024557900918452758893485261006
0.37744806642851631354935304118374 0.036927488297544531141039672470663
0.37060131496864573482250019532339 0.034943295051980602585537711045413
0.36387668734829659988233087399925 0.03306588110691598743416151849365
0.35727218731338197578374607549275 0.031289480162689385609704875648565
0.35078583784305214578795597332922 0.029608640453960881345031361996494
0.34441567875108477877685608150711 0.028018206310537597449418469646776
0.33815977214700027819718982936896 0.026513302823295171752536987026481
0.33201618990268614224390569999023 0.025089317182854927096752892933269
0.32598303411986439814810611593125 0.023741888824852483083128434900616
0.32005842682821924424004923143602 0.022466892975269024133804574010274
0.31424050631545391383397677168687 0.021260426890803166127536240077735
0.3085274443271813004839026176803 0.020118801115933598449851399492897
0.3029174281263556759471031408592 0.019038524087886252189469995624302
0.29740867063305837346315372462884 0.018016293301042028141271091339367
0.29199941445927481576173429225461 0.017048985608506007688357462677314
0.28668791937152266744882725201134 0.016133645175427949622142572305161
0.28147247273225025244049173666177 0.015267476207998070688170395194012
0.27635139147115706755080334529233 0.014447834483638945228513563524618
0.27132301232298343068439634346275 0.0136722175408807566415186751028
0.26638569675932877345881058259285 0.01293825780541748683057983324585
0.26153784941020703912268729134247 0.012243717871349939638983657164423
0.25677784294089177609826169834657 0.011586472964107447430669639707359
0.25210413681389607268971840217253 0.010964521337536965075397349678904
0.24751524202516955315662478081616 0.010375972146520485556533130489672
0.24300957552516291953503634299649 0.009819021410153035265706868332202
0.23858568510055957305731164780379 0.009291975465144119288862063918246
0.23424210834710751659745764946025 0.008793227527369054892310253478094
0.22997742173501790502485407404885 0.008321258863687664168308991870773
0.22579016359107047279938536874944 0.007874625802673342708413318064495
0.22167898310510649605740501670871 0.007451971567265597498657418732
0.21764252079153493605609968543964 0.007052008853461192238133284412826
0.21367941265523797418533209780603 0.006673516916715891562620029954632
0.20978832376705377487372880820075 0.006315341374156010078616638989178
0.20596798585366473880312308277408 0.005976393845217144104806728751387
0.20221709378615365521604752713393 0.005655639243271867681348423313515
0.19853442713048159413096087314073 0.005352103403077753090429351320345
0.19491875406460374394864471503755 0.0050648616790812934216744284027051
0.19136883416357842663926962090795 0.0047930368536798815560543432388965
0.18788347130541905486842778673448 0.0045358007249103994944867307309823
0.18446152161001089051016189512174 0.0042923718203243860351907156617039
0.18110184127387278045780362048572 0.004062009113389759769798010778162
0.17780330568950689137955342778564 0.003844011291797992149527743239294
0.17456480948395785813630232486601 0.0036377146533708639782004136037846
0.17138522020872904278724855173086 0.0034424883182086994795679128276094
0.16826352428656418891583598420079 0.003257741316373672488117959055924
0.16519864151864813655666003624444 0.0030829093273230276746490405061059
0.16218954182714082249848722226303 0.0029174601886488870662171180520345
0.159235211377852035247215859975846 0.0027608901972646144251350894559542
0.156334703717819989048729776846861 0.0026127251734640398415248517838889
0.153486997096766325117167004905606 0.0024725116800489350723279998666905
0.15069110802755590325079751712867 0.0023398217947058517246077660638396
0.147946156168807692258635977655777 0.0022142545313293613902989817688373
0.145251176642251847161206603268245 0.0020954257875680045998864021718771
0.142605238274486308678389059231316 0.0019829729539145380116402135308545
0.140007521375803821374289510786406 0.0018765567985980577653950056934234
0.137457109205128231845340764722058 0.0017758516502682985437798053054398
0.134953115633486073917924499511651 0.0016805500208108550741253527239159
0.132494749217691671549166169805969 0.0015903638672704187070318758030146
0.130081137060290618553913960009222 0.0015050170765386643658677686942098
0.12771148319634579097217250169156 0.0014242505685235611251594844949889
0.12538498340960243017357492264709 0.0013478183720406977737897254502968
0.123100854904546379460311772052087 0.0012754879485331614282339754630511
0.120858342411584401226965409944869 0.0012070396331724295398841697163898
0.118656667881003464450182007905605 0.001142264447854907800745184681932
0.116495083918317528664100031454488 0.0010809651588674689665816018743231
0.114372898721189034749902843783311 0.0010229562589400069902530198879585