0.89389865316265864581920820561929 65.702308647749024808659719959418
0.81771328287627837801299185869379 49.76940387946425145834760062523
0.747598993283326012103600208335593 37.574260123389422551264782722484
0.682739985400171083290720906018211 28.22165113478466640438006592354
0.622387059095466595027175060542115 21.041122804810315547403186097934
0.565867005559806500399848644094774 15.5304491790536604148545314545494
0.512599642202017599744975449797317 11.3129619708941558471711845643177
0.462124432470243077126207667952534 8.1051014312264149872960553818105
0.41413880289554815420410304455222 5.6915370104099817497616484691374
0.368549647738934967024994352841073 3.9060107812793155961841134172632
0.325536230492572628069286240887675 2.6167167161458410675817075916796
0.285612400065424153029026974072648 1.71556329211556334734132736932344
0.24965205106294426257519971890871 1.11105717223402924252724379817038
0.218804954212569895242903662616052 0.72470120100415408496086265980667
0.194220950194733576704172629602395 0.49050400378921510474119647122589
0.176614388070709474147610407853886 0.35628700276798288998815564726515
0.165932595527546470593480435506362 0.2845445751661874029513445145009
0.161424048400614709483640452744204 0.25111329952467461221124448098754
0.162039824065761543326252027442768 0.2419278583327045081270782220669
0.166822533316212526353145613514169 0.24947360481358938893965693319018
0.175083033730961610859754150383753 0.27008598521416187051112346800412
0.186403079559696963970526249195276 0.30226048578282598851306203053198
0.200566173241194493248409148209823 0.34567213431828828703448644729462
0.217479882271098990999470299561963 0.4005912604417903517954587117782
0.237112144964419279577984070098835 0.46749848232460989328291232761575
0.259444810904304005085529949509482 0.54680098095585176672663586235177
0.284441681570243517515309554576487 0.6386114105559213073449073074229
0.312027479393223568526996762367861 0.74258050307635364192464644931308
0.342074831945248291811870566655298 0.85778611273250781190453983605474
0.37439728825468905650245730898653 0.98268322504748026931854279395612
0.408747200230228573066972763856613 1.11511657631713238525913668844874
0.44481785951185311872978449301954 1.25239303862312747881373163234672
0.48224953384483775406592803058967 1.39140622873478849033849176710617
0.52063902900550678124976129894168 1.5288014107134256043972138432567
0.55955220126932896424702343307972 1.6611650221664449111249332416636
0.59853857644678708368729893270705 1.785220605797971478489809021853
0.63714700301415799130662349243215 1.8980122530348767550227317094442
0.67494115635886858894987417177365 1.9970583604409406822258740107054
0.71151375321198683538472508801189 2.0804625529762790457255078332906
0.74649852213600103485555105546645 2.1469744233620084607631538657585
0.77957926747332096253247255374151 2.1959992052514933452540755029172
0.81049570376104321096333597515759 2.2275614467478045871723515919157
0.83904606817283003317643629879355 2.2422322082893714082290789394901
0.86508679460320700789671258635731 2.241031748325480887358055895466
0.88852972775125432949424043827757 2.2253200559477152506758477038881
0.90933746121694681223572343480054 2.1966863149329920476617902626108
0.92751740804807092400961185518174 2.156846031066390406917866137892
0.94311517309081589054082392664878 2.1075517501279359963329385353824
0.95620771530519149546279949272977 2.0505205578764797671129180363588
0.96689668579934266864719771759402 1.987379236145900751630921138558
0.97530222053331624871605541129089 1.9196262198601022979992427922938
0.98155736752810035501547209112866 1.8486083834625300152483724521189
0.98580324409903822229014630023816 1.7755101101438507685680769588371
0.98818495309569353750629650527001 1.7013519432300061750552276863422
0.98884823848786292100883577824061 1.6269962558899640691242869948088
0.98793682783393688644440333032067 1.5531576839350401850411250637602
0.98559039009512712540356489381944 1.480416456902876414376725482309
0.98194302815371158297616712307202 1.4092331644378502312251345602597
0.97712222357969874116857336780896 1.3399638678835292892773813481387
0.97124815509619201340363543932096 1.2728747924268011812259059023853
0.96443332090215947883846919994467 1.2081561073497761109807897149645
0.9567823938896234171447501897298 1.1459344716888038970639565168654
0.94839226761541294712038634614526 1.0862842546786421804217779570201
0.93935222862105631720796253372098 1.0292373316889073077747516099799
0.92974424851081057592620739080267 0.9747916087631251576383793006083
0.91964330155452953875327745976711 0.9229181531888144927655583022562
0.90911780929751899543496789890933 0.8735674481564842491564697102802
0.89822994658073861523248884592153 0.8266741418794848883041398339346
0.88703619310596064655445713379501 0.7821616122398212650821255471373
0.87558777609104774806009140003533 0.7399454030305867624523046582222
0.86393078018573159973181608129959 0.6999352139676510092497308357772
0.85210679496717696437204039413373 0.6620378151136913475682064281446
0.84015367833080946258857561385577 0.626159643067877003100230402312
0.82810508663115582965053270588345 0.59220620818702808339783196678625
0.81599106170684777038977404572325 0.56008386414443523857469954223826
0.80383866071623804844827442738592 0.52970129905679766669156678236569
0.79167257165784435398179995438392 0.50097067502399798572645957453601
0.7795135575353552981456665143451 0.47380454267153911568284594959637
0.7673822181613990562089946828068 0.44812278134857214298050279884745
0.75529429098660380433748948949259 0.42384371385553616571284668171429
0.74326677575940674381471752351722 0.40089471522639086316023143963874
0.73131058480054838247457390538333 0.37919948100684595248765079237642
0.71944072092336607505151938130675 0.3586943258376244519437844342334
0.70766370994250366030653403426972 0.33930813656083607851968392817218
0.69599223044552320675300190412393 0.3209843466284789632427026962667
0.68443344404468221017136890551305 0.30366308162067258579185362255539
0.67299214059399535260937110100604 0.28728609716274040069911111465708
0.66167775155590938253522270822401 0.27180546624007372181846469899054
0.65049270794691637811076956859555 0.25716818958310695914408544047393
0.63944201591048479740963960810477 0.24332832675698047596062657328864
0.6285279320230782603463141955495 0.2302401618174164319942587234736
0.61775699357254718897818251028879 0.21786586736356098242727775441712
0.6071289577342295394153703851233 0.20616305591133820561089345180505
0.59664843389092700405790671240054 0.19509723827566010772314745479935
0.5863131742106044568680854761433 0.18462957859866712305352651853729
0.57612458484001464417763769210193 0.17472745301286422213428854240354
0.566087909030807140111982184688 0.16536372986160482105112799869528
0.5561994102919026872734461476145 0.1565051409898481426576031809953
0.5464608189370366341364356993025 0.14812529729823782810379091989833
0.53687170765906020477894531326137 0.14019768797325176695301484782803
0.52743146639886339063321485592932 0.13269735033984164358399397328096
0.51813988755318816115610690249289 0.12560118174922618960931512901317
0.50899615210038341441858816677904 0.1188870495222071160798550330907
0.49999930069012735473712260186123 0.11253407770270053918066969648393
0.4911483079718081123778957663448 0.10652260857141555147505677457475
0.4824420092182225105248010403467 0.10083406934878213558089879836927
0.47387912075250362480116400400702 0.09545091392663250329033347571302
0.46545827374499989182635928162357 0.09035657613861196768875832800203
0.45717799833084816357599046233059 0.08553539680011999909647544129773
0.44903677303982867226144696313622 0.08097259365890774901610212663394
0.44103300011475947574020327505724 0.07665419173318602747594273432377
0.43316501952783801349207436984975 0.07256698071445094434959921506707
0.4254311853958322617920848070071 0.06869850512212096478018222210385
0.41782974997355380473110298597487 0.06503696034590297124509623664591
0.41035892851274649419915259479369 0.06157118591311769142731740156703
0.40301698971553953175325201297304 0.05829066615884214101787237423739
0.39580207395657188258945279692262 0.055185411461266062551648758375503
0.38871237535478486815510948986049 0.052246006012353820638120299860426
0.38174609528053967683875103231173 0.049463552474417517996879382252522
0.37490141076171215684480053045696 0.046829628986513158032054483177594
0.36817647569278163075668618298925 0.044336262824671655232800010309893
0.36156943708105557723059461358473 0.041975911018434278797933133117745
0.35507851494822277324744356361667 0.039741462781062957130252604613258
0.34870184498428058239203127849983 0.037626160984484046061265908958718
0.34243763496226503843973264166417 0.035623634537039439657081815381291
0.336284085489041863542782237641 0.033727850188433057189339292783568
0.3302393975702229388100707606991 0.031933096382842765954830053943653
0.32430179146670361672310803371125 0.030233970923468970716582789689879
0.31846953110441652379848820511644 0.028625370079887543293916090292754
0.31274086083819525291025401448713 0.02710245459247810859502830522432
0.30711404913528488714138223782713 0.025660647157771208188416071043358
0.30158739575190448038151853042774 0.024295619474450436834726406697885
0.29615921820902800833856478966917 0.02300327499165683553720735023981
0.29082781238333276368810024144175 0.021779727387003299985230975993669
0.28559157902949776260565618658296 0.020621317636201761677671436260534
0.2804488832040561199730009693181 0.019524569928825301066436224744467
0.275398078936116547450115581835 0.018486188189893449538462521560582
0.27043765892789662700635104237309 0.017503076188133360360159858079376
0.26556598708068613722195970120298 0.016572273752640956677508579634098
0.26078157260078576282486962305384 0.015691002493710010306368831884913
0.25608287848386954534302472201235 0.014856619805368390148742785420061
0.25146839584725748477861102753924 0.014066625558727128484080943904601
0.24693667981511187180445483968131 0.013318660104440077199320479243433
0.24248627362978698181270520337818 0.012610484031822831397011984614529
0.23811572562670577490798061833674 0.011939974966791326697679874513373
0.2338236663461823880777138312275 0.01130513280828375506273065301118
0.22960871698833799167289906860434 0.010704059275624935452642480096745
0.22546948119050317364183359909041 0.010134951940258881869140553757081
0.22140464482505284331930562924644 0.009596112760697086199956890334237
0.21741287380927085885738278320652 0.009085928695786396606951251958682
0.21349288414642759616748385387947 0.008602876318826305601843816520444
0.20964340086763663069564404079084 0.008145511819162361328943703460291
0.20586317136751236008941102068292 0.007712468456650488442902522226176
0.20215096005735959521035671528921 0.007302451870708274901390418835888
0.19850555778850675011329068283754 0.006914237276708341748732964381695
0.19492577400786789980881543117648 0.006546664907584273032065003103875
0.19141043782110796466488394570451 0.00619863669543024326701706389535
0.18795839641703535836185606190063 0.005869112862151612114722817893882
0.1845685220448113624901654628514 0.0055571094853322001366894109717099
0.18123970097198983169068012061601 0.0052616945185747395462883276259204
0.17797084181358250136962773180359 0.0049819858079329211046623077733355
0.1747608707692137053369223596821 0.0047171480337078208407858518902936
0.171608731675972930454376332028174 0.0044663902532596170149034821873597
0.168513392146062420918577814978263 0.004228964028305703533308039509229
0.165473829749574029918818506331676 0.0040041601252594524209475773085512
0.162489046808921845240368850646403 0.0037913075570818557851096399038609
0.159558056822408576499663743845565 0.0035897705856556321162629274615252
0.156679897565409320654394203131784 0.0033989477698823025080841161593005
0.15385361868143398644737804751683 0.0032182693191875785769530751544061
0.151078289046007881755394662801565 0.003047195911868050585854765983482
0.148352991067656909196690636856859 0.0028852167365950369868292617902851
0.145676826873487348580118618631322 0.0027318483594653115976915914860661
0.143048914108221370708577316006976 0.0025866330277264647010200084037596
0.140468385586340556643362145516126 0.002449137301741390512592743923054
0.137934382684359412689710546367032 0.0023189504445155634029842768835819
0.135446076514904221294462255328434 0.002195684299389374260892972065425
0.133002639728052553546956522000781 0.0020789706874343625665965757991228
0.130603267503735432369165047803059 0.0019684613858948252881509464731991
0.128247164096679523479936051843443 0.0018638264446759511533790331581275
0.125933552990618836238116223963821 0.0017647536812869274392791006447241
0.123661666692535899063825850256278 0.0016709473044270058778710749159749
0.121430755447868867905266146486712 0.0015821274175429252516187257210378
0.119240081010019808018125279590403 0.0014980289270021106636820062237412
0.117088917302657471998383778145816 0.0014184007967697075987053869061965
0.114976553839883718632906183224529 0.0013430054333204371485889169224253
0.112902291024573731485956609149126 0.0012716178077546073259872448303931
0.110865442849569500074072838677899 0.0012040248910098661499387693245259
0.108865333937480852222316537826087 0.0011400249251795249201968217730959
0.106901302911480973471065153410615 0.001079426939516762955433611689015