1.08287191146063486755927199608808 118.828534699568360844300550788637
0.99563686847335367046895353760014 91.678664306470062912934683857775
0.91669745553978008892850298969138 70.939636101875250547779935478791
0.84525023940225824150615269556609 55.05715329980986359474965741613
0.78057212621542963337367444506984 42.862124053552321560119141399064
0.722016668237639075510468277200288 33.474088707290464025925476727078
0.66901203652997250959986355767333 26.2290496546297963486685146926594
0.621060509732610520428641953227721 20.6254718067744275582678448372341
0.577739107468854586112010837323227 16.283821617273134595331813911229
0.538700672737985710235594209720535 12.9162050870737019145189542863695
0.503674289542845266870729788290096 10.3035552584616455006949366742219
0.472463471041645268384775335346092 8.2784840049685967952731193127073
0.44494022361225122602054808963314 6.7124064780146577304057331084611
0.421033159092884368701458774458438 5.5059085747678419562550364816938
0.40070864556721465550663521958674 4.5815869020776057573861826426232
0.383945788994388978337171034149179 3.8787701961771942730021025501376
0.370708568746122872124986616735149 3.3496531968310286790675472938001
0.360920683936104468604556162254766 2.9564613910851410580612744853539
0.354449103873825759725804679934642 2.6693387951826362427599406958001
0.351100059692147947530764788574633 2.4647242375898909427562831792804
0.350627052316813567556194316078266 2.324055431421338234098728550922
0.352746611865383172119327863646923 2.23270562251086506761234376320098
0.357156020266687260240024330650923 2.17910476880377044609820608135326
0.363548300395743546248690846738321 2.1540228160899962294777070684603
0.371622234083195361311084385685796 2.1500012971826811288774536236008
0.381087476027066809939287782276806 2.1609191061874868406912766963912
0.391666161690000082412013761276179 2.1816753300061379416439863329823
0.4030927404355905204465626892322 2.2079696990187856453749833109703
0.415113468257640258993203945442443 2.2361603599983762753161152496749
0.427486455079527148406400905046423 2.2631790621328865140675987359306
0.439982631721092871709775253798879 2.2864851553276404152913163570028
0.452387596565107473273021524630179 2.3040418709693444056988078693742
0.464504050141173861457162242376832 2.3143011254252658085367813929255
0.476154413298965721672972489366043 2.3161864358832983857293326118442
0.487183220934379601253299169153725 2.3090672090817643556200899993706
0.49745895377572062179228544076842 2.2927212807906062376640356236665
0.50687508235605825032269096537685 2.2672857445657986662449512383199
0.51535022132904796193969185894812 2.2331984885530772248874540873145
0.52282740660632719948678054115741 2.1911342908291760832242819929196
0.52927259797603729491815717375771 2.1419398178648681502172221616224
0.53467256911329092217891923893001 2.0865715874803142539042156971858
0.53903237497415354479704866446164 2.0260401456776276822150681215396
0.54237258788559273118799915484489 1.9613626337651322306013035284651
0.5447264751896795305616283603022 1.8935248206908264900932467463461
0.54613726068549707127930073156165 1.823452710686207481228094769403
0.54665557626890381090514953775706 1.7519930994746997298192607704901
0.54633717446313520059658855832069 1.6799019694802213603701801868588
0.54524094061749780756555716271976 1.6078393664389164942910410218963
0.5434272173661051829156179891573 1.5363693407348859164248354008139
0.54095643416144477888820773982829 1.4659636123847429157984009039459
0.53788802104460973587839097999702 1.3970077767621486395707952936573
0.53427957747585832957600094103126 1.3298090659625464070732296904135
0.53018626298330226793297682722707 1.2646048866079656611280578088624
0.5256603754897616452804388973038 1.20157154799220509003054118974999
0.52075108449078997095218294595627 1.14083276336058568123032063677031
0.51550428894072863879220472028961 1.08246764680705835406625174257223
0.50996257312944374232783632530281 1.02651803856810295523198095947821
0.50416523753858028368703534961604 0.97299507488457959741608260481338
0.49814838532845064258876780423963 0.92188497886647424711280662823313
0.49194504852787408373941908254632 0.87315409019933191520826358115478
0.485585341077867330642876041461 0.82675317821972933858701578108816
0.47909662854774317041866385808594 0.78262109837579136093038775177203
0.47250370662333103619652101287799 0.74068785959320431286668018668745
0.46582898235111771358703330821342 0.70087717185501030872022372623764
0.45909265367724226298369298927764 0.66310854143868778955387968889595
0.45231288405568971234731371104093 0.62729897698362922670167216767383
0.44550596989608283271497302829119 0.59336436409200474479441871867934
0.43868649938375972963247607211846 0.56122056004415464707160491503963
0.43186750180296154879375113488541 0.53078425406856722059161751461932
0.42506058693726088748085321256198 0.50197363264965773930981514987602
0.41827607445680264289466753455505 0.47470888384820691003344215947464
0.41152311344095423460275295630603 0.44891256959359795191131794779628
0.40480979235364041429888679855252 0.42450989044705142851625442645075
0.39814323990344158942965939685456 0.40142886342723264389423140436882
0.39152971729138992891613765556284 0.37960043009555090356694515333986
0.38497470238896540593177057521099 0.35895850918578739891513676776256
0.37848296640530038696142406474511 0.33944000558292084969951379273438
0.37205864360260325620607550352223 0.32098478535936704046952506415775
0.36570529460275101096301324381672 0.30353562480325222304239506113049
0.35942596381194804501196301563811 0.28703813991057638780991361015508
0.3532232314580404722147643052948 0.27144070156778252067153291574189
0.34709926070999038265216953745075 0.25669434064382304399459137518914
0.34105584031484804672577129760099 0.24275264636109230461166205972625
0.33509442315768647772182299126238 0.22957166062601724728982818652348
0.329216161116275446518043852982255 0.21710977042666791154816184915789
0.323421936555686471827218431766363 0.20532759994876741003495912875958
0.317712390775524756090490662779659 0.19418790367603240410113753756687
0.3120879496972629315698692290618 0.18365546143940762266411046086158
0.306548847053917574502441210758389 0.17369697613304157704237407242502
0.301095145319107638950345846763096 0.16428097461381086365957310378482
0.29572675459245510504033780069961 0.15537771214614239256946083654575
0.290443449636812562100923319670563 0.14695908062567325705693150663209
0.285244885245652698701626793107904 0.13899852071830448448746339512449
0.280130610100946077744949728832797 0.13147093797178353288575818376608
0.275100079267386038390992841464226 0.12435262289841795286740054803973
0.270152665454542481558667009994036 0.11762117498121604847394836887502
0.265287669166138485252024760461528 0.11125543052175265400356185509808
0.260504327843523344778029952240731 0.105235394222006927193172502060781
0.255801824101181743906237743177443 0.099542174376010225824488251885588
0.251179293141462373519889471385944 0.09415792153338883037619457914029
0.246635829427841144662933468658575 0.089065770490177537945521609870007
0.242170492688915869536527594503319 0.084249785458884620969826302781159
0.237782313317020527388148848088497 0.079694908266956064781448228759126
0.233470297220172119436763775871437 0.075386909434993667468118001344614
0.229233430180115462253771798616291 0.071312341988177948922089955574727
0.225070681764413435524200568295267 0.067458497858274780433856135903069
0.22098100883460257540467972363076 0.063813366736873476593750693918633
0.216963358690797365173101688054685 0.060365597248000331141924684377944
0.213016671886247349847183760108666 0.057104460310805262726059228703375
0.209139884744891285019418146662599 0.054019814571406549973058445993936
0.205331931610080128040110045952051 0.051102073787083705877479518253421
0.201591746850105199966762881243106 0.048342176052083552640888190887411
0.197918266644505077642174466684129 0.045731554760648852259428226106932
0.194310430572264342005370046594043 0.043262111207930215745053411825825
0.190767183020408547510117778079579 0.040926188734497186504326360672977
0.187287474431862315772286848552434 0.038716548326871227653384480007578
0.183870262405809478891276252219845 0.036626345588824877139723418907901
0.180514512667301760677608607053268 0.034649109006306447343966612907729
0.177219199918024956830980579430683 0.032778719430983533826817888135098
0.173983308577867299985091688862629 0.03100939071132509069343255620936
0.170805833432237581473121648712386 0.029335651407849682803991459609876
0.167685780189547786353828432446155 0.027752327527569375184834056051691
0.164622165961185714138084595453888 0.026254526221327081667651205242066
0.161614019669923901376211049185523 0.024837620388018738232815262448873
0.158660382395703296098905707684034 0.023497234134862993534290553398317
0.155760307661162678242111564563174 0.022229229043137613508016124601596
0.152912861668168279679954062045361 0.02102969119611524179502182458667
0.150117123486830183514776969705719 0.019894918924244044871048627865535
0.147372185201136145426832308055923 0.018821411226835658647618457753471
0.14467715201969779776349227212557 0.017805856833732139105545041295919
0.142031142351504136302306669990852 0.01684512386926111944431187262288
0.139433287850726476999108408822839 0.015936250084889950587622690676283
0.136882733436825349834012221510095 0.015076433629728699830146492954481
0.134378637289040476975782292401993 0.014263024327387614979872429952892
0.131920170817189892345280214127256 0.013493515430773765448647927951614
0.129506518620367972190657728214984 0.012765535831021369118969895282159
0.127136878420780547686462596051446 0.012076842690582809527075469974932
0.124810460987168215894803522288765 0.011425314480803600500780734793638
0.122526490042869075407288318558557 0.0108089443994823477029063693778655
0.120284202165377230610086150370719 0.010225834148815036873457785483127
0.118082846671137619446227088221514 0.0096741880517207479682002634465145
0.115921685493817433683981915883026 0.0091523074897252589548697801285786
0.113799993054077789733495974146812 0.0086585856438141099344704955214327
0.111717056126907708587056729976685 0.0081915025226923816299339676622254
0.109672173694653942257546198261865 0.0077496202597216570093945351550635
0.107664656802834598508444459787221 0.0073315786674535364086480723709169
0.105693828401303309238892457787059 0.0069360910316967964240931951937396
0.103759023205816642140492352298702 0.006561940138921723642451982918527
0.101859587521212343952101333056512 0.0062079745124187311134535493804116
0.099994879094469671118864715366103 0.0058731048590654945439188744225811
0.098164266944572070622666586725738 0.0055563007048925872762975965036761
0.096367131209968520338181434687213 0.0052565872164980727365358631162499
0.094602862972842280458458106176762 0.004973042191022723897470875191001
0.092870864098958428263980217662517 0.0047047932120574637012434328676296
0.091170547074879528307177591348078 0.0044510149592010564835116845652523
0.089501334844235836161273505601008 0.0042109266631754399175418361731413
0.087862660641057673660908398844552 0.0039837896983003571999316752392757
0.086253967820658844463776894576446 0.0037689053049777729466993345137854
0.084674709709121194817435793004975 0.003565612437823260748475384945093
0.083124349429292125110860914167989 0.0033732857270067564130247678239094
0.081602359746670385694525401618204 0.0031913335523436195878794320569652
0.080108222909685202654429545164706 0.0030191962206506538457289164627772
0.078641430484422619003674402757132 0.002856344240922795167361569432613
0.077201483212908056646369516154124 0.0027022766952198645760029835012012
0.075787890843809855314668975166851 0.002556519694412447368419007190545
0.074400171976943571365409259795017 0.0024186249188300861302785283564607
0.073037853935757855076381804797192 0.0022881682402770689912798311525949
0.071700472583913873904322367319512 0.0021647484129073522824817216439067
0.070387572193155842800440493398035 0.0020479858396644218486705592192629
0.069098705316569696926247069074156 0.0019375214054172205096090195280453
0.067833432618622843791243875533113 0.0018330153692025873017129951257146
0.066591322721537763161424107523462 0.0017341463177841076658986240590783
0.065371952116162365227462027696178 0.0016406101805759091051286702105405
0.064174904964334494260635271500159 0.0015521192891022301949464726000885
0.062999773010264044850605458942144 0.0014684014954600024378378935607753
0.061846155423833631308526243253164 0.0013891993330922266131828523372528
0.060713658648818047866726746285125 0.0013142692233242966149010709122181
0.059601896352587223747703379906369 0.0012433807311706870521639250436608
0.05851048916214499871124409140282 0.0011763158474756196814009289661939
0.057439064680906989971820249310698 0.0011128683273853700542867377700729
0.056387257300954879168402448837159 0.00105284305155276272112671296106312
0.055354708058965801416517950702165 0.00099605542469411402400225685567667
0.054341064531870297729260377574492 0.00094233080876703188505390347355404
0.053345980752050404693535881447895 0.00089150398747581909386419987829686
0.052369117053388403483933232099926 0.0008434186559654934310824475556503
0.051410140001738096957134475274451 0.0007979269422097136028323384101711
0.050468722173444666925709033654035 0.00075488894697667419907360507008775
0.049544542183399777501875645263258 0.0007141723201476596179050260473897
0.048637284582662706762285505537866 0.00067565185336954189839483360388122