1.23828585378763668282844870972094 179.368605713541564099202418014627
1.13891437256856966311118531560797 138.767091310467809870047424266965
1.04916888827814428288313015150493 107.763106532080558109162564214407
0.96815146176258106048138566089183 84.02752390910543509707406517261
0.89505361939469192085785364401054 65.807632046979183339969426483137
0.82914911615733220183196842147226 51.782609858925723464433143952229
0.769787637308405985098525004742726 40.955574935352813695550835351564
0.716389293587671042390397200709527 32.572881299120582150719900920739
0.66843971044340429864378792286242 26.0637309088656676821144856668494
0.625485443620035933982707904793882 20.9949389404602398731050885854145
0.587129382511897580747215493374302 17.0370131368953947115768940558029
0.553025749443406992615227969906571 13.9386894370989221428576334172026
0.522874298007955399239198818881655 11.5077963325137286814493070584069
0.496413392931837964315819414289882 9.5968631049447177630807159901422
0.47341184721581358027166916254725 8.0922898603221953950585569658087
0.453659702205165753743646692480735 6.9061956171474792861892262052497
0.4369585161825274603793575833514 5.9702814400767775674950178511048
0.423112072572425892090864247745124 5.2312091757253471951303634948493
0.411918591350590663156783736966893 4.647118364168215671594196034703
0.403165415794689019218658734845068 4.1849960362949416229760377837681
0.396626740536507715883136141003743 3.8186846503711555706329248293463
0.392064366658033610301760985591825 3.5273678415952350893637489215807
0.389230920122789403852640860171537 3.2944153783969593504750734543345
0.387874635257101931150182260486977 3.1065000021300547457630654484828
0.387744757710062515811403208604009 2.9529215281668608559290200800065
0.388596805385120949971187355360566 2.8250895453473176763871717978623
0.390197213284812581309456248397093 2.7161271113340542778216419560719
0.392327156657900494958858996299581 2.6205656745726646359565868306353
0.394785527966743990783600401277619 2.5341073746833704481844815991788
0.39739112776084643182387625916707 2.4534357626876765493291196406696
0.399984145001346029344832174313646 2.3760603132245944396219552943425
0.402426986040017377745042610622173 2.3001840316075930185007316305516
0.404604492714304029679999090011549 2.2245869509044129187933620464122
0.406423584078048645534348754921049 2.1485212454213204881328245087123
0.4078123657221574587478413731071 2.0716159405415199797095432738011
0.408718770303438403083058905733587 1.9937907235427355757118877155577
0.409108814922284215231703127917075 1.915179192682574674636971108162
0.408964578366285175754411572581097 1.8360621387980280024634252352386
0.408282009634402407601330617646194 1.7568113004616382404562565127343
0.407068677272620226665970558801652 1.67784364796003685835267247140304
0.405341558035055829220700538498683 1.59958579010593130327849602142125
0.403124945865447264326523553234915 1.52244767750963965798094365692591
0.400448541306084540617698226897831 1.44680446533285854663967546973514
0.397345760093396213150904410719611 1.37298522392437804281469076176336
0.393852280122282171071049270906716 1.30126714128456327607001204391346
0.3900048295683625708234074163937 1.23187392217977881443308520377725
0.385840206387733433775921955041366 1.16497722229574919999188934224991
0.381394510690192054454998143842064 1.10070012984736601709460606753136
0.376702566224441237417833618482643 1.03912189468266592133747957685701
0.371797504810379565587496842723971 0.9802832864084649442330077525337
0.366710487327286220069415154414733 0.92419212602326324102552473837779
0.361470536161954091784786659210807 0.87082867360990346766141241663774
0.356104456275513738062650391497192 0.82015066606673541854966689671527
0.350636824809170712703077901871884 0.7720978848735159224328908969409
0.345090032079193432624224921210084 0.72659619744646696295792077092932
0.339484359682300297565225275413827 0.68356106047752068677910058718693
0.333838084090766243557763275855019 0.64290050353294754529436878900627
0.328167596487233830311735545496715 0.60451762965700324543828647897898
0.322487531634761819857553145827037 0.56831267977360122393499216403144
0.316810900299908729214340670255638 0.5341847117880850062818534382589
0.311149221165171061253570172717632 0.5020329453937189244237054198724
0.30551264931178733741045743212438 0.47175782113987801190048520093925
0.299910099261746929644073595993492 0.44326181839508124902994625198393
0.294349361274155754874608632194548 0.41645007218427466853342201688972
0.288837210132138549848555924906454 0.39123082401392140382331100685209
0.283379506060420392659146106905108 0.36751573703533005708400166226284
0.277981287711300270199849005293237 0.34522010145021667396173413349673
0.272646857367701486320699539822339 0.32426295202356345143282836872063
0.267379858656872727659584266846806 0.30456711598782522970658273116963
0.262183347163614412322371172305442 0.28605920650514700605480959993894
0.2570598543873865489375302966262 0.26866957416827777899853023062265
0.252011445516477852322538837468588 0.25233222674282667889492432555898
0.247039771499768041985907657727528 0.23698472543135842775915022923067
0.242146115889992109623587156369967 0.22256806433509933622500033801081
0.237331436915686504575626574303244 0.20902653845643092347438340173071
0.232596405216039587132096692422061 0.19630760448650795041884079843858
0.227941437645845804099848576583049 0.18436173772018759992891328131696
0.223366727529200896326433477301985 0.17314228770504453213378507642968
0.218872271710734520713159605910445 0.16260533463225291254261718435021
0.214457894724433564059108041509565 0.15270954799459143187709001754505
0.210123270372014679475292183081963 0.143416048647839166907605091707029
0.20586794097577748615042270327291 0.134688275099784201869043760300225
0.20169133454634707294026866314855 0.126491854604405637038407199282225
0.197592780082106463435191080928555 0.118794479441936466274780437050647
0.193571521195880482678950667100699 0.111565788611924379453559776809952
0.189626728244764846361443626043931 0.104777255046337247929200627944743
0.185757509121131069997304999194842 0.09840207835726856702685593223818
0.181962918846735883782588916535699 0.0924150830635415417157472499535
0.178241968096843691125059847755665 0.086792622187143177678680325721483
0.174593630768518936317215872706715 0.081512486072519213472226394979596
0.171016850694689765214119408197873 0.076553816253232483469783967308505
0.167510547595652139349167497621783 0.071897024172957903663051874098233
0.164073622349088772829166916717527 0.067523714554584479849313140116884
0.160704961652086385534230168695491 0.063416613206261983971865160663876
0.157403442139868948401008869255835 0.059559499049592727596061177541677
0.154167934020013648739543665031494 0.055937140157380789477411911858266
0.150997304273815637669385422884468 0.052535233590560657499479560332213
0.147890419471766957036170326124729 0.049340348830039902611286428234401
0.144846148244459482232499473001089 0.046339874604752845471467510271595
0.141863363446281420420478317606415 0.043521968925040855433873834372095
0.138940944045027950748053674600992 0.040875512137994450191214256876709
0.136077776767202984851364693713639 0.038390062829765708694993475154008
0.133272757525507455193639908575916 0.036055816408062934635689149533193
0.130524792652328739927706138861717 0.033863566206501337827576933905342
0.127832799960225873544576636212413 0.031804666960474944342223821796219
0.125195709648623809102928655040568 0.029871000512671889125394015144254
0.122612465073515009111351937112046 0.028054943613841412709874703846496
0.120082023395254432254840205113012 0.026349337692069994778085156459701
0.117603356118159901916139843898342 0.024747460471237647782056808996811
0.115175449533765712719817850809497 0.023242999325963127025414599039175
0.112797305078902983025529168364671 0.021830026267365249176773169002535
0.110467939617868195282746542780061 0.020502974459749912070118167177886
0.108186385657764369736178123661631 0.019256616174823632447448343998207
0.105951691504076732867110910270689 0.018086042095020359544528022599414
0.103762921364227515154323887490218 0.016986641883711286221744417616616
0.101619155404853836310085207005348 0.015954085944348529909155768374415
0.099519489767788303917298768463871 0.01498430829535674267808748480716
0.097463036550837288337218021704872 0.0140734904928640785615382851291512
0.095448923756988653157930241677761 0.0132180465365758848876439549869282
0.093476295215480101984574310501551 0.0124146086982665615430651938026227
0.091544310480060617403094171168497 0.0116600142170240061831665078023053
0.089652144705032745890279927191148 0.0109512928070220293176007252524587
0.087798988504340880093524061334639 0.0102856549289602502879509588790143
0.085984047794104572655961101589846 0.0096604807775339445317308182794523
0.084206543623079358536869560549034 0.0090733099418392019809922527358645
0.082465711990008200991852973078805 0.0085218316964318164620384328032527
0.080760803652989250123632592424647 0.0080038758855223860538717332501859
0.079091083929637056254273781774783 0.0075174043630627782312758141797968
0.077455832491327904557043828457083 0.00706050295528150387063963028441
0.075854343151221771510608248020813 0.0066313739132332681166260331047851
0.074285923649195360609384264600321 0.0062283288259388083449244721373395
0.072749895432529395649277246883035 0.0058497819653534800724994447203469
0.071245593433535348948340670714293 0.0054942440368851904522883303301316
0.06977236584707670502509842815627 0.0051603163111861855210767727975606
0.068329573906228015960581081376067 0.0048466851133169532561581788787287
0.066916591656404091480490334506161 0.0045521166474396278367830918916745
0.065532805732715467787880681711798 0.004275452137427606184483552978471
0.064177615134051634903495731351913 0.004015603262652910520023487707545
0.062850430999581129942283015361127 0.0037715478720557193103619865670926
0.061550676389202969294559208679443 0.0035423259596519714284017310179453
0.060277786061340104697494725723482 0.0033270358842796200818523869880459
0.059031206254560475048927737502257 0.0031248308198422777209954194189133
0.057810394472740421017561870958073 0.002934915421839554890040897401758
0.056614819270979653902630397522061 0.0027565426965120693000014260821622
0.055443960041178022973310891122494 0.0025890110601304322271674320359869
0.054297306808301850994996803236179 0.0024316615783914288490822038713072
0.053174360019938554965058026389921 0.002283875372436168600806304681814
0.052074630345654580116826696190144 0.0021450711836573112271212815234562
0.050997638477198596870318082632422 0.0020147030863460157741167547391385
0.049942914927609692729022430440538 0.0018922583390092177336906548798538
0.048909999840727774997739153471067 0.0017772553672669508917383597496173
0.047898442801155211450054846394094 0.0016692418690844573546885589160224
0.046907802640655730003568708800361 0.0015677930345570623780844526104828
0.045937647260999914074307299168069 0.00147250987535082035048467570922333
0.044987553444229104102488437449557 0.00138301765414611278422809716549892
0.0440571066794447864859281940345657 0.00129896441091550480351267601372498
0.0431459009902418059035008195661724 0.0012200195785139501028235190998942
0.0422535387529935357930472048613606 0.00114587268140893349221855249075827
0.0413796305387349463835562701612761 0.00107623211527892071324181121402456
0.0405237949391065200855055635655982 0.00101082399922644433035421335638828
0.0396856584046417796063815496437071 0.0009493910985595466605423599802404
0.0388648550907397832306499258573484 0.00089169181336747665699933304492662
0.0380610266953284471124599863462166 0.00083749922776480172610944848879287
0.0372738223102589849398171294065839 0.00078660021768852387410341121894746
0.0365028982594124927622862975859741 0.00073879461188751246474676910818953
0.0357479179615816464679225879157899 0.00069389440531741340004136928676869
0.0350085517922697775458363346638885 0.00065172302001101374347639244906922
0.0342844769110759326244551787678191 0.00061211460881696935163438152004072
0.0335753771622801745383695661294278 0.00057491340538850882968382722919505
0.0328809429106170173234557220686456 0.00053997310996246210811192500123139
0.0322008709154624961746222771150041 0.00050715631442601026072201814417265
0.0315348641883489389082907656736103 0.00047633396137884159805326082033523
0.0308826319045096070400364414261282 0.00044738483840445008456151155620166
0.0302438892192295284165903662896415 0.00042019509867725613414650061918666
0.0296183571834918037390116249111367 0.00039465781503679616470768613795721
0.0290057626157192943898070079017381 0.00037067255908298096851419364392552
0.0284058379608777161673389225921873 0.00034814500535692935811015603982702
0.0278183212326911161460396764366796 0.00032698656257967818533806345427245
0.0272429558176071467299964327737699 0.00030711402215964148266485637107029
0.0266794904201339458081100286788062 0.00028844923310607241850136089172615
0.0261276789565860963042788151934626 0.0002709187946662334432749858177
0.0255872804005691207404588562097387 0.00025445376612646458330847876678499
0.0250580587385509806513516847899007 0.00023898939760734097946256134230947
0.0245397827999974150873795560854097 0.00022446487338868764866799825063265
0.024032226220770425628056010666436 0.00021082307463856366656879581954151
0.023535167328112690956966317616618 0.00019801035420752887823393832520344
0.0230483889752560640200635630028942 0.00018597632392817571971858310081329
0.0225716785555761335222438590420145 0.00017467365927593140282180435012651
0.0221048278775641136656272669356605 0.00016405791227530546091006282240649