1.6545029221379721533550539225038 433.70207942076220213998880826518
1.52075953896508542845168656776844 335.73358589636641907064487413114
1.39987890001059816891129402484207 260.903982848671915796150018259989
1.29064831516566938419966694252433 203.596793450262622614999335781766
1.19197118791055098778081856149316 159.584911084253073290067813456984
1.10285588385918172560153121330732 125.682241453322369385705144164117
1.0224055919140412069052406378188 99.483525967067540961924592045523
0.94980906255688912271255904981465 79.169871198456356284527741684413
0.88433211752083733092785237541353 63.363265959995674086853136335767
0.82530983633340526729319642182456 51.017644672979598612986715851792
0.772139339013474090273093632447276 41.337234422969352524630604223517
0.724273101396975052747532583472438 33.71528623962865480490388542072
0.681212760506913299422372567664548 27.68804856259609091217786049966
0.642503391546463871694047156097719 22.900148293036502045539761643148
0.607728263711690698532550571750195 19.0785178790835690666307967552352
0.576504105958056961512168603255891 16.0127313696639618631324921223329
0.548476931830845492770103476860653 13.5401520366210342749686148674
0.523318479850988401222686070454018 11.5346963695892262492802679031615
0.500723318970339233917790500986937 9.8983191931402941284617161127528
0.480406645802572486978736940462473 8.5545485182858872535004457276756
0.462102763577323715227060745588754 7.4435659928613599129293711114809
0.445564187469151144921509988921024 6.5184539444202936347416480290749
0.430561275104706322190690373311487 5.7423237893824080976659334603907
0.41688224329501469625436984120326 5.0861110181375043047942371008122
0.404333409468085409683715842216076 4.5268749936245622228308876767731
0.392739492709075851227358739862665 4.0464818106802294464525062675988
0.381943824622819354013413436634609 3.6305786934181901018078680541623
0.371808350811518644268268190822025 3.2677912445393802694537852056343
0.362213343802999272631605238856686 2.9490920688390460622322445362685
0.353056791292867019877582259628311 2.667302192285828859749980843981
0.344253463749964663222636873882903 2.4166962916446766204064850344327
0.335733698448036746738524409397459 2.19268981851902912360454401680954
0.327441960341297686343684964251727 1.9915912651233305452664926261147
0.319335253189999688872344690063285 1.81040657205412804105589208851619
0.311381457703999710868003341347136 1.64668541326176043606043947050198
0.303557668948472548755779303623791 1.49840111397853358548899590808663
0.295848595099744910314232993929048 1.36385748908911616636850741960118
0.288245066202530920052395741779853 1.24161709148281932918378365970617
0.280742686982781824061230950507627 1.13044633772733549980151082164948
0.273340653701569562464709852340558 1.02927379711122672306342639126623
0.266040742663440487144366682176456 0.9371586272045443940582470960546
0.25884646797627984505656208915441 0.85326673505322774184708407146169
0.251762398725729136585530475334301 0.77685274942738208410900460159382
0.24479362077508041593132348952804 0.70724631390641455450561790039209
0.237945325622241303845171579768412 0.64384156000261491681787315788168
0.231222507724306071748626333568368 0.5860889015507193917319164030499
0.224629751994214810968368861061294 0.53348851451190156992434664417504
0.218171094369318333488280757628662 0.48558503888924405016732024001604
0.211849940094899581123074769966758 0.44196317028217721961496237845786
0.205669026375098037065482696336523 0.40224390581792647408492348872613
0.199630418112090597044866178880328 0.36608128002060137141045021834311
0.193735527439389465181418980204407 0.33315947678662036659144361239831
0.18798514956886844358039437768776 0.30319023911552457428278012259329
0.18237950906752746812325890974363 0.27591052265333368394486890363929
0.176918312043291480245443368564457 0.25108035558348606156805495731334
0.171600800853970685489334175971439 0.2284808783193317254752466952308
0.166425808876580300034825812207775 0.207912543556669117700642905952915
0.161391813610244742736038606442421 0.189193461796069055194709541074579
0.156496986960081806279622296344244 0.172157880322007748633511367924828
0.151739241989555932077873910098549 0.156654785444078650052541052274277
0.147116275757592348762022433800657 0.142546618966689180607386420246444
0.142625608097673124232930890400879 0.129708100631229661630341779563391
0.138264616366631709781141961409905 0.118025148833267577318333779175989
0.134030566307649141167340617190308 0.107393892363796020361714369196434
0.129920639247172065871496696474301 0.097719766315516850501194759869789
0.125931955890268237536289119580192 0.088916685667076155462392766945452
0.122061597000931329393390960091708 0.080906290423591680361955988175449
0.118306621259832167555269899016495 0.073617256557093161485585883928221
0.114664080586996922613787435619412 0.066984667355499475326573154299658
0.111131033204206673762629138719684 0.060949440149953981919650711561835
0.107704554694833478791173350582381 0.055457803745192998853699071019484
0.104381747299199295393695002504189 0.050460822222050864920256704691041
0.10115974766256546358730639219542 0.045913961111817534395161394695843
0.098035733232206462674054482408016 0.041776692257704982691234485345713
0.095006927479573989806432446891974 0.038012133976216529209301783905537
0.09207060410451858372297305580044 0.034586723411032213818654401038443
0.089224090360562220235433250230317 0.031469918232830551279943824276887
0.086464769623881597570103672820102 0.028633925080986495356213809898678
0.083790083313726060565755571654504 0.026053452367348788547037223505592
0.081197532258604434040046941749508 0.023705485269201900508315735316086
0.078684677590474731217307168501557 0.021569080928700678910773014801259
0.076249141238655873194558446166384 0.0196251820508444409249373454019164
0.073888606085579645014239492243968 0.0178564472518837106051539945034462
0.071600815838237763656994229298698 0.0162470966564715123702337124470099
0.069383574661938057644252060807435 0.0147827713756446843946301182030219
0.067234746616455275955859167862934 0.0134504056197080716981458895861874
0.065152254929190548059171140297026 0.0122381103115593383480759997073859
0.0631340811350128901114007726535661 0.0111350671674886210365317501725291
0.0611782641082999831953010829549394 0.0101314323050818421591258295764611
0.059282899008940477736891989660887 0.0092182485221248886162059238119061
0.0574461361609557658569468908881898 0.0083873654672499082462054510700115
0.0556661798796265808598194425208604 0.0076313669929870646777511059064223
0.0539412872605952923513076290562807 0.0069435050455499949346293769899316
0.0522697669424366358479923064712596 0.0063176395036936911370123461402666
0.050649977852329907458989945434202 0.0057481834317244902526597614846411
0.0490803279430914396333411616930692 0.005230053259845977082878247157781
0.0475592729283515281177035330271432 0.0047586234486952235738680531662748
0.0460853150215973989371861428291581 0.0043296852347658046416933030030436
0.044657001683961166069851333220115 0.0039394090896855797034109444766423
0.0432729243845738345965496384033337 0.0035843105592302203566793776710096
0.0419317173768277385741153673387188 0.0032612191780480066315970222406068
0.0406320564931302639101262813138557 0.0029672501833526085530616685703337
0.0393726579603026417871243570747447 0.0026997787757396946200520961479686
0.0381522772372439274552190462973926 0.0024564166979024316046075968063737
0.0369697078762476312633049011505012 0.0022349909226603298348593424581573
0.0358237804089000886957978560220021 0.00203352426044091162888340624560816
0.0347133612573747112467541850470603 0.00185021771345624516588173073588017
0.0336373516713837888104295643622181 0.00168343441929853473783696792353218
0.0325946866914389438679210524769135 0.00153168504092170835890072559449498
0.0315843341381640123495627422588165 0.00139361447272242335235508624716016
0.0306052936280656167764099482463488 0.00126798974427690446780213950992766
0.0296565956152785922657279533567628 0.00115368901383464320556115701043994
0.0287373004592672548356467541507521 0.00104969155345935672327517821140688
0.0278464975182913373527065005398633 0.00095506863651755421065300711540476
0.0269833042680050946795350533932415 0.00086897524621225933503931849277804
0.0261468654452142282861069486648157 0.00079064253125348543354839837601925
0.0253363522156703162664179088287771 0.00071937094129985274124030148958578
0.0245509613663897463782678583439596 0.00065452398102627395751973670796309
0.0237899145210224329304634905934197 0.00059552252699939595133946120685949
0.0230524573784558363308677852276286 0.00054183965671905436918403563608874
0.0223378589737574188927858164834364 0.00049299594365148123977530275323941
0.0216454109612329571717935120812472 0.00044855517629168447205281193097985
0.0209744269185338232055247865259745 0.00040812046301437144718455052078619
0.0203242416715825296700488428105727 0.00037133068797598898859239145762248
0.0196942106403700203287227882307705 0.00033785728646583251390231838117989
0.0190837092038228399241198770147858 0.00030740131084881803326391079832465
0.0184921320840786715304760138485811 0.00027969076096531915921741215812269
0.0179188927497740348184439582971876 0.00025447815515824758039474092791992
0.0173634228366778713650756993948359 0.00023153832019175039387987032585979
0.0168251715869824462014266562104565 0.00021066638041491609343513680341231
0.0163036053049506120742541969107289 0.000191675928136809632477385050507044
0.0157982068298129145652200518351314 0.000174397358937393749093164595259567
0.0153084750237978872476359909778606 0.000158676356991277769157326129868268
0.0148339242772263415530394594601796 0.000144372516965419890782901610979458
0.0143740840274563561539424761814937 0.000131358090091485361420681820777335
0.0139284982941247371657824369232032 0.000119516843309133138074497332974119
0.0134967252270969559440226574635505 0.000108743021198749951238222147389178
0.0130783366688853234620982534706668 0.000098940401502831943621312236426157
0.012672917731903869723768819059279 0.000090021435812037572281301012577482
0.0122800663858590022517695812520298 0.000081906467643770357530592072177299
0.0118993930612955871079123289744173 0.000074523021078973655496817419506727
0.0115305202624554932059653844561194 0.000067805153459667727189635807060219
0.0111730821937027559763951652064937 0.000061692866468884720319614665407347
0.0108267243974040367131468986300765 0.000056131570293100656469099624621964
0.0104911034018299424765843154013335 0.000051071596067444026855591448293339
0.0101658863824249994820491885046596 0.000046467752308153336994872167258335
0.0098507508294411997830187521765477 0.000042278921269190789943263417116875
0.0095453842306135361238114920791194 0.000038467691752183096863538632029019
0.009249483760807206863620161280275 0.000035000024974480959496149035786534
0.0089627559805571158332718829990431 0.000031844950551654113026522442968803
0.0086849165466119333728861034839922 0.000028974289916125837808605778743244
0.0084156899304063788580684615586275 0.000026362404653403938982153608441611
0.0081548091431207541758190429917915 0.000023985967504493754215339201278266
0.0079020154719591392162660395389963 0.000021823754038418927084080031372676
0.0076570582243803482525658389506539 0.0000198564530997740966855868824694038
0.0074196944779335546586253061138792 0.0000180664943246059299177065315384118
0.007189688841685628877692393256144 0.0000164378912348008175441530087522404
0.0069668132200414329914781175233835 0.0000149560984394246434930788209816168
0.0067508465888506008113698700939287 0.0000136078817443223384074021805782866
0.006541574774640301050905453516369 0.0000123811999444917899061687336842393
0.00633879024399216087476318021382252 0.000011265097292755195089185741217965
0.00614229189611312653089124153067218 0.0000102496056421285483880511550287618
0.00595188486454449456563204589873712 9.3256554249114629577503041146029e-6
0.00576738032186689290780314917614506 8.4849946409191413072676815151747e-6
0.00558859529711503210052293325284275 7.7201151789135433732984607498695e-6
0.00541535248825372032283891237547371 7.024185732426391790661905311259e-6
0.00524748009129335558521071643794561 6.3909908100103499891172419360485e-6
0.00508481162756669742083400209313283 5.8148752130669375613726922911223e-6
0.00492718577588403089370086942925731 5.2906935198405904542184384937046e-6
0.00477444622390102523101937766818834 4.8137641682031383410925131567128e-6
0.00462644149695480251950538911257436 4.3798275897952761825268633530371e-6
0.00448302481843888687665461677867154 3.9850082028206564004150394590651e-6
0.00434405396241001825199654652516019 3.625779791424435732648696600047e-6
0.00420939111189944092225590687086806 3.298934010220544219332553373542e-6
0.00407890272246990400329559693126843 3.0015517303737085530312963145214e-6
0.00395245938729646992801053595537858 2.7309769629264084934264294981178e-6
0.00382993571190807202977833199933426 2.4847931450564270541678808584071e-6
0.00371121019068671939156625752239846 2.260801558168209202751995542559e-6
0.00359616508407479664577627536845172 2.05700168570640292227345294007897e-6
0.00348468629751925928965937461874681 1.87157333957113376647253408808408e-6
0.00337666328390295165418621821349512 1.70286042968390899894552682274067e-6
0.00327198890997710628671303958661956 1.54935613379525762374256116338518e-6
0.00317055937692274170147983404400111 1.40968948167986368746599895389492e-6
0.00307227409057661768400427358408387 1.28261307111872481596187099926248e-6
0.00297703558794094933611436767246325 1.16699196346242170141065788370896e-6
0.00288474941590175283861926843780677 1.06179351500837081472364056846054e-6
0.00279532404908734680929398700625484 9.6607817045187197320374846159479e-7
0.002708670816770241910698571940586 8.7899108856702863045908427461833e-7
0.00262470377755721191789711310947831 7.9975446774784326120696125515578e-7