1.00715269551891817848861880106903 94.807312487201993022469608719249
0.92559055494163625703383534970152 72.961372290141187093146270809914
0.85197299966820178599226679499041 56.317082932061602310793643481638
0.785608442934721278326215298921293 43.608899837459110343657216405804
0.725869800061738420115615104837422 33.883101643556989270857057842254
0.672184140032126011693727594798774 26.4197354902499921530225314365432
0.624029967052645476487262270370732 20.676121261033901318183376538456
0.580938656137002749333789557934622 16.2426574917072122734160574142702
0.546016270413894907909454210171596 13.0611814530876038967201924822564
0.525324807509149193630287561804569 11.1967802605450661215573015953856
0.51363301452676833658493573290667 10.0044904265380225821102905081722
0.508546076081227808601378236556699 9.2112934670153598400203647362051
0.508813794755867197880498196040103 8.6789446265116871383064553048462
0.513628715156562687454205959948208 8.3237202919274675133008714801665
0.522441453673850579959794895227861 8.0908594547690919993344076107774
0.534850898090818877555215088318628 7.9424820762398715976901794887316
0.550514228093116798888761095715588 7.8489317237040139001646458831298
0.569114499913443352132596391012883 7.7865535954027225983099102890265
0.590324306054551347688727544332247 7.7357140261201451534871307330905
0.61374610945667313075051412533566 7.6777020035137339664563473559165
0.63892144325892265338181982478959 7.5973479673193736941544188913432
0.66531599209941449629162143007642 7.4817375563512069195883378614553
0.69231764137613679514960179144734 7.3211682212829796831948388080714
0.71925471780166743191541354887021 7.1101078483524597241716997930298
0.74542553038043434343008362029763 6.8465260609116305083142165088854
0.77011273720618274772979600261949 6.5326623635741868390687985663339
0.79263391473039102192776340800815 6.1741574543980703685733377694802
0.81238003402705660383727046913466 5.7799811066594923713662525109339
0.82884498018655674315323214179861 5.3606027016252101710107777622001
0.84163580412010835839310884339997 4.9270967320695786136510510383249
0.85050526969448918714085268040361 4.4911020646229878645920416371736
0.85537587629349995951713142513308 4.0633125490734969572261273876826
0.85630245060972943964182140622886 3.6522399556832733079855856990341
0.85345737226895251577636845698311 3.2643684527420257487043975734994
0.84711602474192600596036818090054 2.9042033131212637484538446213848
0.83761569924393999552568767024037 2.5741130433742934210809613398736
0.82533720013238633690271892071939 2.2749288227028007067029125358297
0.81068226813059741372963480184066 2.0062260371452085962236631466013
0.79404590258744771636972476333362 1.7666039809400912678189730162221
0.77580541458030489641343733577962 1.5541018997724054048562208844657
0.75630966159246154976597237304444 1.3664300552448967411740545135372
0.73587596904121246060606847529344 1.2012102677211160412082288118705
0.7147967848405565682595435279537 1.056135708562042731943781489484
0.69330528677656349885984810069707 0.9288682101986980285483361458551
0.67163563241393797101860371976056 0.81742891528300187195050161459066
0.64995815424640572429218655500271 0.71984763433770140854385908739103
0.62840386034391844665955975583366 0.63434437955440750014761210611212
0.60711182800799390165844334829325 0.55946719747303725097879635863369
0.58621163758433777789050484468966 0.4939552274290933736336546389912
0.56572745451783399441044463358892 0.43646020578808029308829258642076
0.54570790603816771969419467795494 0.38594328701438166401806742980327
0.52621998992643558248328407878663 0.34157325364088248124220281625894
0.50730769888113353187483189181204 0.30259244114406829048345367408724
0.48907058257015242547536867041977 0.2684530139078695909336593914154
0.4714060697248706361495280393355 0.23833833355095207184607679854292
0.45431676306285052041709511654021 0.21174733814446267027733522394784
0.43780346322126619205009535400194 0.18824879506745849190396880280979
0.42197233917897121673645320481743 0.16760250851198199223906613494007
0.40664809139089146534302235231735 0.14925521218979253289251258172076
0.39183469963918762277152075550524 0.13295408345922379572256436121429
0.37752272170700972137632309797597 0.11846313036542094915295737279158
0.3637004852820755389166517596306 0.10557417306456560447195054570916
0.35035580661540810173137258047394 0.09410461440175404808778302335302
0.3374762705643936716058112663989 0.08389404662239059691020633718681
0.32504929925510867697998268382913 0.074801224009843722924498573376881
0.31306219298605950400276326830942 0.06670150657629407655594319809492
0.30150217485053666250731260294808 0.059484709832940778578224727778823
0.29035644099665085448503486552081 0.053053284746627744240112952299778
0.27961221306376561588582175428625 0.04732076495541899402203822307984
0.26925678933170656381938901327858 0.042210432222095804627081227174426
0.25927759215293426381385518887449 0.037654162219629724508603525675452
0.24966221024929267039857269994162 0.033591421071962430650004001049606
0.24039843522510289694129047117168 0.02996838924161504662107748467284
0.231474292177691645261990869449925 0.026737193951480527753674275751247
0.222878064625102302346364614782275 0.023855234798328050245914935873889
0.214598314170558452909348273647638 0.021284589878279234736447195146544
0.206623895426459386225278355232919 0.018991491822356355418999013579394
0.198943966759484546451547999149838 0.016945864788660164248327339383712
0.191547997415217220042023409417467 0.015120914785737161604859842799181
0.184425771552684094982421466571331 0.013492766786884994788057367567057
0.177567389676205117501117940353199 0.01204014299270068461338751690153
0.170963267902897359442372904335759 0.010744077349956483066476917199595
0.164604135452720777161645296730799 0.009587662068468684689668564839843
0.158481030698286291229869722590632 0.008555822416757288792295140565635
0.15258529606469609347771837277235 0.0076351165389398180119219306893318
0.146908572027066517656297783163684 0.0068135574329289624872395196911619
0.14144279041515148430269381971679 0.006080454574035783957704535436981
0.13618016720093205672834008347687 0.0054262729669570109884480358436183
0.131113194915743490639057841083188 0.0048425076696061253448058798468323
0.126234634818145014739052296889687 0.0043215720599153558816484828482741
0.121537508912424390398117063624206 0.0038566983162598133866468060587126
0.117015091899043137524734835018785 0.0034418487572792396506378559234532
0.112660903122937463536568584741882 0.0030716368409563315903183326217352
0.108468698572798049909805679399827 0.0027412567585629533875540632082976
0.104432462973022909554887884429364 0.002446420678787954921017871397775
0.100546402001983876135286320884814 0.0021833028032195710657264114839444
0.096804934661486139265923043047814 0.0019484894877897522895964615233378
0.093202685817250226735871491135732 0.0017389347676711581343655763300287
0.089734478924535904365451310178449 0.0015519206964127042254394450506123
0.08639532894884442655104335256591 0.0013850219751325416819124078223161
0.083180435488814793853935988260577 0.0012360744053104601333126418461722
0.080085176104975753367724740400838 0.0011031467498980262541573502265892
0.077105099856126499062333441702499 0.0009845156329797824938277695042681
0.074235921043560080322701080071843 0.0008786431486550619987693453350344
0.071473513161370297116443326707785 0.0007841568857317332331146799826427
0.068813903050710480519366946063528 0.00069983210682459693278906779080237
0.06625326525445512133667177616123 0.00062457584887461829579121013579134
0.063787916567823340666128425543981 0.00055741273742232809596225850201189
0.061414310781310592829368299024781 0.00049747232954832956999314757593576
0.059129033610088392185918991468225 0.00044397782041346648264087845461281
0.056928797805409259721442246685014 0.00039623596626126189807331441487904
0.054810438442665766277497033067752 0.00035362809265252855224408194899296
0.052770908379894664930843479844514 0.00031560207088595728358476249762006
0.050807273882793216609008845209408 0.00028166515825832081325645048545786
0.04891671040927077659439150436848 0.00025137760903248747895978403615852
0.047096498549333076885366872656589 0.00022434697309100902801869962877911
0.04534402011440618616784475959783 0.00020022300818243671729807941693662
0.043656754371150322550903276587343 0.00017869313967701702551665784476634
0.042032274414701821830605300739238 0.00015947840887201947309213540279391
0.040468243675810232272246979895454 0.0001423298572380233802527414040658
0.038962412558582821456064795327539 0.00012702529969205094370828404238979
0.037512615201988232421453442670511 0.00011336644499798523277135059462913
0.036116766362380127515335045684471 0.00010117632595269724841399704744991
0.034772858411620964044207379640411 0.00009029700600843087666599021524353
0.033478958447509796837341382329947 0.00008058753259234600921283543004431
0.032233205510984549288226222605246 0.000071922110566959558387120604765377
0.031033807907621904811327747176762 0.000064188472157407705540523568009639
0.029879040627924637191183338725567 0.000057286422196763331861292603869118
0.028767242865453918429963181295758 0.000051126539845696096238520727808914
0.027696815625264726708368197060902 0.000045629019930006904345079774204661
0.026666219423193478689809360513466 0.000040722638900361499515100419983313
0.025673972070065843790894003294396 0.000036343831994334104882031593192496
0.024718646538400888262627960790579 0.000032435869644292294456964925247315
0.023798868909363474718124787392181 0.000028948122459470248205109721056056
0.0229133163941238482785821149671358 0.000025835405244690072273793054983934
0.0220607154324440399637695644364524 0.000023057391575954594833425976591078
0.0212398398595361858718528591790826 0.000020578091321630326177483667125731
0.0204495091403485895108844542198478 0.000018365384347960981335766245995028
0.019688586672508370359193384827247 0.000016390604376753019495691991945258