1.5524016055583167 357.4233084627741333437434013374
1.3139261540663152 215.02781069757516286533080823197
1.1193327307111811 131.5506761198859573116853479296
0.960799299590102 82.0484140955248189086423488116
0.8319433421508972 52.31362897099932882441204298644
0.7275546619850171 34.19694747618083016827739602049
0.6433663444482666 22.985530369103816569649032583539
0.5758535522795906 15.928054935394029463997670838511
0.5220558957266687 11.400909976571707548421420667251
0.47942755053410835 8.434409151476798097888805335552
0.44572640123726837 6.442024962761334170601497079108
0.41895482316334764 5.064617587653317412490301752263
0.3973574005903142 4.080048269532852539854587519854
0.3794581221440848 3.350072957942461695428342752829
0.36409888518252537 2.788553933859499857726574374957
0.35045165988720284 2.341957005918637594792252253546
0.33799672149899057 1.9770790763682672164141181602921
0.326468691659596 1.6732019712799952434668502946916
0.31577901568133415 1.417089958220476204463413638144
0.30593102681021805 1.1998763468077349987725078622808
0.29694640223657726 1.015205257655724100077035832504
0.28881673361636334 0.8581797104465283034822264004868
0.28148400729277956 0.7247985741430812658819225234329
0.274844536958712 0.6116691474698914220728131614219
0.2687662086033335 0.5158627844727484284542165350382
0.26310917872620493 0.4348381231335907279614622030545
0.2577433703141948 0.3663929956788334657612481508803
0.2525598414989225 0.3086271396276247965527171917215
0.24747589821552013 0.2599087280129363138988328847494
0.24243530276089262 0.218842732945011408464411380813
0.23740535471929497 0.18424105660294495141322625434204
0.2323724329315887 0.15509486421735449594675749318478
0.22733715855579376 0.13054950100063551232622473857758
0.22230989600199455 0.10988217233799821396292329829015
0.21730695250312781 0.09248237429537761057682097810278
0.21234759254419716 0.07783492645416561311903204398921
0.20745183698190128 0.06550538193049152915808876218742
0.20263894283310785 0.05512755644136884964537187863043
0.19792643326819742 0.04639291438644778215126073400176
0.19332954851076056 0.03904156307760200363302010057454
0.1888610033760379 0.03285462809294472488478888620417
0.18453095743885056 0.0276478079341637744373224695189
0.18034712439255998 0.02326593159797076569305495631016
0.17631496559159615 0.019578366649525634894237932201628
0.17243792811162223 0.01647514711980182176234372092017
0.16871769980124132 0.01386370977490343394596174149835
0.16515446304071768 0.011666144048304913515882392688282
0.1617471357335404 0.009816875357947949009483377305694
0.15849359292619913 0.008260713882022408388276146616434
0.1553908658297254 0.00695121139101685767383413846254
0.1524353172800412 0.005849277670329144195564050589534
0.14962279412774845 0.004922015640580568807148190554189
0.1469487579252027 0.004141740689276054075318431268941
0.14440839575689082 0.00348515514144811627393323922551
0.14199671326866947 0.002932653368440665439253643646214
0.1397086119849403 0.002467736891443150377197497217401
0.13753895292744858 0.002076522090031808553612128390592
0.13548260841165066 0.0017473258693459741690359828711313
0.1335345037247249 0.0014703169514575202939205869023191
0.13168965020786044 0.00123722240507624437266424635505
0.1299431710839421 0.0010410806691115785154517968461537
0.12829032119965075 0.0008760337082787128286119530844962
0.1267265016926766 0.0007371521034639915726970494046515
0.1252472704515208 0.0006202878601667417797391140329887
0.12384834910768153 0.0005219505439926877247187901047939
0.12252562718930972 0.0004392030474322776124533273983413
0.12127516396745042 0.0003695738773155954749297896617439
0.12009318844088379 0.0003109833449485222858971271969236
0.11897609783725616 0.0002616814558355870313090232894544
0.11792045494093037 0.0002201956446216553012583888489097
0.11692298451138103 0.0001852867949826428178983014711657
0.11598056900564215 0.00015591223117946493860459625294349
0.11509024378747676 0.0001311945763560259438627169871084
0.11424919196739731 0.00011039554752880553847904937334265
0.11345473899469757 0.0000928939047597648932400956891529
0.11270434710144295 0.00007816689603569980554203599999565
0.11199560967903703 0.00006577464371288863943437929741481
0.11132624564116299 0.00005534700604985052233337905556342
0.1106940938439298 0.00004657252180046728065048861171758
0.11009710758000736 0.00003918910726643081573761824736488
0.10953334919726135 0.00003297622828829212850512809702157
0.1090009848541753 0.00002774831318776016349222423767548
0.10849827943252652 0.00002334920997967793320826133095814
0.1080235916261348 0.00001964752235149616666204247509399
0.10757536919460954 0.000016532684942382638968527063925
0.1071521444234231 0.000013911660989757373590416391086775
0.10675252974967668 0.000011706163365074769142506221551112
0.1063752135859115 9.850316249593623958248993411664e-6
0.10601895632765465 8.288687502222315877715374858912e-6
0.10568258654385762 6.97463296553779770800567676e-6
0.10536499733817804 5.868903230123400278630853543343e-6
0.10506514291027894 4.938471363781132718424452997065e-6
0.1047820352387696 4.155546335296645830607693890842e-6
0.10451474099121372 3.49674303454875759740653483918e-6
0.10426237853468306 2.942383712387921602707784719883e-6
0.1 0