0.01 0.9956164737690215
0.02 0.991108951570928
0.03 0.9864774322546543
0.04 0.9817219139742994
0.05 0.9768423942761628
0.060000000000000005 0.9718388702474218
0.06999999999999999 0.9667113387191371
0.08 0.961459796527327
0.09 0.9560842408361828
0.09999999999999999 0.950584669527811
0.11 0.9449610816632801
0.12 0.9392134780200924
0.13 0.9333418617116218
0.14 0.9273462388944741
0.15000000000000002 0.9212266195701568
0.16 0.9149830184879049
0.17 0.9086154561559716
0.18000000000000002 0.902123959969179
0.19 0.8955085654609991
0.2 0.8887693176889314
0.21000000000000002 0.881906272762418
0.22 0.8749194995230007
0.23 0.8678090813868756
0.24000000000000002 0.8605751183603807
0.25 0.8532177292393243
0.26 0.8457370540033056
0.27 0.8381332564163779
0.28 0.8304065268454357
0.29000000000000004 0.8225570853076105
0.3 0.8145851847576406
0.31 0.806491114625664
0.32 0.7982752046150177
0.33 0.789937828768462
0.34 0.7814794098096463
0.35000000000000003 0.7729004237645211
0.36000000000000004 0.7642014048647391
0.37 0.7553829507317248
0.38 0.7464457278359429
0.39 0.7373904772208756
0.4 0.7282180204751035
0.41000000000000003 0.7189292659286998
0.42000000000000004 0.7095252150415378
0.43 0.7000069689411651
0.44 0.69037573505625
0.45 0.6806328337783042
0.46 0.6707797050691345
0.47000000000000003 0.6608179149143334
0.48000000000000004 0.6507491615038504
0.49 0.6405752809994089
0.5 0.6302982527251614
0.51 0.619920203592693
0.52 0.6094434115444539
0.53 0.5988703077712575
0.54 0.5882034774300622
0.55 0.5774456585584509
0.56 0.5665997388528259
0.5700000000000001 0.55566874994921
0.5800000000000001 0.5446558588198427
0.59 0.5335643558766637
0.6 0.5223976393556707
0.61 0.5111591955453956
0.62 0.49985257441978603
0.63 0.488481360241849
0.64 0.4770491367205503
0.65 0.46555944633028423
0.66 0.45401574343981704
0.67 0.44242134094528623
0.68 0.4307793501580809
0.6900000000000001 0.41909261376062545
0.7000000000000001 0.4073636317075764
0.7100000000000001 0.3955944800118245
0.72 0.38378672240805883
0.73 0.3719413149245618
0.74 0.3600585034087628
0.75 0.34813771403588273
0.76 0.3361774367747406
0.77 0.32417510168293107
0.78 0.3121269477482988
0.79 0.3000278837793524
0.8 0.28787134056953506
0.81 0.2756491132159967
0.8200000000000001 0.2633511920605123
0.8300000000000001 0.2509655802367004
0.8400000000000001 0.2384780952516225
0.85 0.2258721513977423
0.86 0.2131285190770641
0.87 0.2002250563131357
0.88 0.18713640681321206
0.89 0.17383365790002403
0.9 0.1602839504294727
0.91 0.14645003140587745
0.92 0.132289738346196
0.93 0.11775540245952149
0.9400000000000001 0.10279315530994333
0.9500000000000001 0.08734212070781473
0.9600000000000001 0.07133346998519921
0.97 0.054689314376343355
0.98 0.03732140271454612
0.99 0.019129585779056817
1. -9.939515783684486e-17