0.01 1.0011906938584898
0.02 1.0022487985463968
0.03 1.0031741964506127
0.04 1.003966692019317
0.05 1.0046260120541626
0.060000000000000005 1.0051518059397377
0.06999999999999999 1.0055436457985807
0.08 1.0058010265719868
0.09 1.005923366026606
0.09999999999999999 1.0059100046866
0.11 1.0057602056908712
0.12 1.0054731545746403
0.13 1.0050479589743966
0.14 1.0044836482549782
0.15000000000000002 1.0037791730572714
0.16 1.00293340476475
0.17 1.001945134886755
0.18000000000000002 1.0008130743561363
0.19 0.9995358527385293
0.2 0.9981120173502067
0.21000000000000002 0.9965400322810791
0.22 0.9948182773190233
0.23 0.992945046771314
0.24000000000000002 0.9909185481784804
0.25 0.9887369009154494
0.26 0.986398134674324
0.27 0.9839001878226032
0.28 0.9812409056300797
0.29000000000000004 0.978418038357013
0.3 0.975429239195529
0.31 0.97227206205546
0.32 0.9689439591850795
0.33 0.9654422786163683
0.34 0.9617642614235489
0.35000000000000003 0.957907038782682
0.36000000000000004 0.9538676288191088
0.37 0.9496429332284162
0.38 0.94522973365545
0.39 0.9406246878146413
0.4 0.9358243253335805
0.41000000000000003 0.9308250433003472
0.42000000000000004 0.9256231014935791
0.43 0.920214617272642
0.44 0.914595560103537
0.45 0.9087617456943486
0.46 0.9027088297120701
0.47000000000000003 0.8964323010506049
0.48000000000000004 0.889927474617523
0.49 0.883189483604857
0.5 0.8762132712067745
0.51 0.8689935817443868
0.52 0.8615249511552537
0.53 0.8538016968023017
0.54 0.8458179065538908
0.55 0.837567427083664
0.56 0.8290438513355531
0.5700000000000001 0.8202405050959416
0.5800000000000001 0.8111504326114709
0.59 0.8017663811873154
0.6 0.7920807846970043
0.61 0.782085745930955
0.62 0.7717730177068729
0.63 0.7611339826610477
0.64 0.7501596316353367
0.65 0.738840540570278
0.66 0.7271668458103354
0.67 0.7151282177227324
0.68 0.7027138325266832
0.6900000000000001 0.6899123422251021
0.7000000000000001 0.676711842526016
0.7100000000000001 0.6630998386359617
0.72 0.6490632088025836
0.73 0.6345881654784382
0.74 0.6196602139726514
0.75 0.6042641084515391
0.76 0.5883838051435203
0.77 0.5720024125976437
0.78 0.5551021388386713
0.79 0.537664235254949
0.8 0.5196689370480743
0.81 0.5010954000656331
0.8200000000000001 0.481921633829854
0.8300000000000001 0.4621244305658515
0.8400000000000001 0.4416792900230379
0.85 0.42056033987213887
0.86 0.39874025144789826
0.87 0.3761901505937935
0.88 0.35287952334976863
0.89 0.3287761162068507
0.9 0.3038458306333876
0.91 0.2780526115562432
0.92 0.2513583294564028
0.93 0.22372265571177982
0.9400000000000001 0.19510293079029925
0.9500000000000001 0.16545402486331182
0.9600000000000001 0.13472819037268535
0.97 0.102874906044281
0.98 0.06984071179555935
0.99 0.03556903393545622
1. 2.5147228065210293e-17