0.01 0.010021842204211056
0.02 0.02008831746661104
0.03 0.03020087200059974
0.04 0.04036098264158766
0.05 0.0505701563393878
0.060000000000000005 0.06082992957013844
0.06999999999999999 0.07114186765604343
0.08 0.08150756398006831
0.09 0.09192863908147779
0.09999999999999999 0.10240673961673767
0.11 0.11294353716882019
0.12 0.12354072688634106
0.13 0.1342000259322089
0.14 0.14492317171957375
0.15000000000000002 0.15571191991081684
0.16 0.16656804215311466
0.17 0.177493323521737
0.18000000000000002 0.18848955963968808
0.19 0.19955855343957316
0.2 0.21070211153066457
0.21000000000000002 0.22192204013105218
0.22 0.23322014052149959
0.23 0.24459820397419066
0.24000000000000002 0.2560580061059671
0.25 0.2676013006019289
0.26 0.27922981225144794
0.27 0.29094522923474037
0.28 0.30274919459423827
0.29000000000000004 0.31464329682113196
0.3 0.32662905948372456
0.31 0.3387079298207374
0.32 0.35088126621956534
0.33 0.36315032449685475
0.34 0.3755162428968388
0.35000000000000003 0.3879800257218542
0.36000000000000004 0.4005425255096187
0.37 0.41320442367348853
0.38 0.425966209525385
0.39 0.43882815760678245
0.4 0.4517903032615588
0.41000000000000003 0.46485241639611224
0.42000000000000004 0.4780139733875602
0.43 0.4912741271206329
0.44 0.5046316751587782
0.45 0.5180850260856639
0.46 0.5316321640904726
0.47000000000000003 0.5452706119147904
0.48000000000000004 0.5589973923312306
0.49 0.572808988384731
0.5 0.5867013026972089
0.51 0.6006696162151474
0.52 0.6147085468676695
0.53 0.628812008699262
0.54 0.6429731721455747
0.55 0.6571844262310718
0.56 0.6714373435814063
0.5700000000000001 0.6857226492580826
0.5800000000000001 0.7000301945341139
0.59 0.7143489368318422
0.6 0.7286669271316798
0.61 0.742971306226077
0.62 0.757248311228509
0.63 0.7714832937440577
0.64 0.7856607510574185
0.65 0.7997643715873299
0.66 0.8137770956858964
0.67 0.8276811926212292
0.68 0.8414583542689712
0.6900000000000001 0.85508980565288
0.7000000000000001 0.8685564320212891
0.7100000000000001 0.8818389216345589
0.72 0.8949179228836138
0.73 0.9077742137818351
0.74 0.9203888812974159
0.75 0.9327435074502355
0.76 0.9448203586181838
0.77 0.9566025741147449
0.78 0.9680743498424309
0.79 0.9792211127203637
0.8 0.9900296816466543
0.81 1.0004884109953749
0.8200000000000001 1.010587313061157
0.8300000000000001 1.0203181564375285
0.8400000000000001 1.0296745380229357
0.85 1.0386519271564125
0.86 1.047247681251761
0.87 1.0554610331798016
0.88 1.0632930514975554
0.89 1.070746575399245
0.9 1.0778261269311684
0.91 1.0845378035440068
0.92 1.0908891544351602
0.93 1.0968890443540757
0.9400000000000001 1.1025475086089562
0.9500000000000001 1.1078756029361574
0.9600000000000001 1.1128852516931989
0.97 1.117589097536469
0.98 1.1220003553715976
0.99 1.126132672944562
1. 1.13