0.01 0.009993892332904479
0.02 0.01997627527443186
0.03 0.029948201252923867
0.04 0.03991071356078474
0.05 0.0498648457514013
0.060000000000000005 0.059811621037446264
0.06999999999999999 0.06975205168711955
0.08 0.0796871384149776
0.09 0.08961786976408724
0.09999999999999999 0.09954522147632237
0.11 0.10947015584769401
0.12 0.11939362106567436
0.13 0.12931655052553864
0.14 0.13923986212280845
0.15000000000000002 0.14916445751893836
0.16 0.1590912213774408
0.17 0.16902102056770155
0.18000000000000002 0.17895470333378807
0.19 0.18889309842561308
0.2 0.19883701418987046
0.21000000000000002 0.20878723761822304
0.22 0.21874453335029012
0.23 0.22870964262905336
0.24000000000000002 0.23868328220638363
0.25 0.2486661431964804
0.26 0.25865888987511987
0.27 0.2686621584227221
0.28 0.2786765556093796
0.29000000000000004 0.28870265742013845
0.3 0.29874100761898936
0.31 0.3087921162502174
0.32 0.31885645807597124
0.33 0.3289344709491527
0.34 0.3390265541209967
0.35000000000000003 0.34913306648301234
0.36000000000000004 0.35925432474328844
0.37 0.3693906015375396
0.38 0.3795421234756801
0.39 0.38970906912516345
0.4 0.39989156693282407
0.41000000000000003 0.4100896930875031
0.42000000000000004 0.42030346932633156
0.43 0.4305328606881912
0.44 0.4407777732185733
0.45 0.45103805163080374
0.46 0.4613134769294207
0.47000000000000003 0.47160376400234666
0.48000000000000004 0.48190855918942577
0.49 0.4922274378358714
0.5 0.5025599018401988
0.51 0.5129053772072991
0.52 0.5232632116184434
0.53 0.5336326720311674
0.54 0.544012942323206
0.55 0.5544031209958702
0.56 0.5648022189535192
0.5700000000000001 0.575209157377038
0.5800000000000001 0.585622765710487
0.59 0.5960417797813243
0.6 0.6064648400757994
0.61 0.6168904901922544
0.62 0.6273171754961385
0.63 0.6377432420014996
0.64 0.6481669355045566
0.65 0.6585864009956461
0.66 0.6689996823763416
0.67 0.679404722508842
0.68 0.6897993636247941
0.6900000000000001 0.7001813481204957
0.7000000000000001 0.7105483197649277
0.7100000000000001 0.7208978253462296
0.72 0.7312273167810364
0.73 0.7415341537095337
0.74 0.7518156065971101
0.75 0.7620688603610932
0.76 0.7722910185382369
0.77 0.7824791080053478
0.78 0.7926300842617541
0.79 0.8027408372781655
0.8 0.8128081979119404
0.81 0.8228289448838302
0.8200000000000001 0.8327998123059916
0.8300000000000001 0.8427174977454684
0.8400000000000001 0.8525786708015086
0.85 0.8623799821690747
0.86 0.8721180731547914
0.87 0.881789585605452
0.88 0.8913911722031628
0.89 0.9009195070753416
0.9 0.9103712966622138
0.91 0.9197432907792742
0.92 0.9290322938075023
0.93 0.9382351759400542
0.9400000000000001 0.9473488844107965
0.9500000000000001 0.9563704546274776
0.9600000000000001 0.9652970211306607
0.97 0.974125828298797
0.98 0.9828542407200821
0.99 0.991479753153026
1. 1.