0.01 0.9978058298339085
0.02 0.9955445524612673
0.03 0.9932157139349538
0.04 0.9908188453459467
0.05 0.9883534624609649
0.060000000000000005 0.9858190653693483
0.06999999999999999 0.983215138140645
0.08 0.980541148494648
0.09 0.9777965474858623
0.09999999999999999 0.9749807692046468
0.11 0.9720932304975681
0.12 0.9691333307098258
0.13 0.9661004514529559
0.14 0.962993956401407
0.15000000000000002 0.959813191122006
0.16 0.9565574829407916
0.17 0.953226140852189
0.18000000000000002 0.9498184554760584
0.19 0.9463336990687294
0.2 0.9427711255947911
0.21000000000000002 0.93912997086709
0.22 0.9354094527631422
0.23 0.9316087715269746
0.24000000000000002 0.9277271101662575
0.25 0.9237636349555209
0.26 0.9197174960572024
0.27 0.9155878282733101
0.28 0.9113737519415438
0.29000000000000004 0.9070743739908342
0.3 0.9026887891723966
0.31 0.89821608148357
0.32 0.8936553258028631
0.33 0.8890055897557858
0.34 0.8842659358321573
0.35000000000000003 0.8794354237765942
0.36000000000000004 0.8745131132748134
0.37 0.8694980669591366
0.38 0.864389353757109
0.39 0.8591860526074163
0.4 0.8538872565671514
0.41000000000000003 0.8484920773339514
0.42000000000000004 0.8429996502053901
0.43 0.8374091394962566
0.44 0.8317197444317814
0.45 0.8259307055313883
0.46 0.8200413114929905
0.47000000000000003 0.8140509065820827
0.48000000000000004 0.8079588985227292
0.49 0.801764766878892
0.5 0.7954680719042387
0.51 0.7890684638264952
0.52 0.7825656925185368
0.53 0.7759596174926707
0.54 0.7692502181370522
0.55 0.7624376040940116
0.56 0.7555220256595298
0.5700000000000001 0.7485038840615481
0.5800000000000001 0.7413837414528056
0.59 0.7341623304321391
0.6 0.7268405628875863
0.61 0.7194195379362183
0.62 0.7119005487206554
0.63 0.7042850878120374
0.64 0.6965748509652575
0.65 0.6887717389760034
0.66 0.6808778574019263
0.67 0.6728955139332625
0.68 0.664827213232311
0.6900000000000001 0.6566756491066913
0.7000000000000001 0.6484436939380571
0.7100000000000001 0.6401343853550028
0.72 0.6317509102145353
0.73 0.6232965860382056
0.74 0.6147748401334676
0.75 0.6061891867142055
0.76 0.5975432024122065
0.77 0.5888405006392491
0.78 0.5800847053130292
0.79 0.5712794244956628
0.8 0.5624282245080752
0.81 0.5535346050755658
0.8200000000000001 0.5446019760289662
0.8300000000000001 0.5356336360333068
0.8400000000000001 0.52663275374446
0.85 0.5176023517077487
0.86 0.5085452932158621
0.87 0.4994642722419962
0.88 0.4903618064634429
0.89 0.4812402332960308
0.9 0.4721017087753214
0.91 0.4629482090497313
0.92 0.4537815341960412
0.93 0.4446033140301092
0.9400000000000001 0.4354150155649006
0.9500000000000001 0.426217951763076
0.9600000000000001 0.4170132912403998
0.97 0.40780206859674
0.98 0.3985851950806833
0.99 0.38936346932906457
1. 0.38013758796135816