1.13798816933516458380930160860623 138.431758533349098884220030339153
1.04658536187536112434334307029585 106.9601438988382047011851114671
0.96397248800735998593716037140922 82.924860696322367781744913311669
0.88931701998644013177470782962545 64.522005721890282308275731091394
0.82186991929682100241554262934666 50.394399110846518943652643177579
0.760960316953849232831149523000067 39.519583770540304652246451156232
0.705991456000360924118272154035929 31.126150976559337598445077837103
0.656437737774895784892612533838468 24.6311654174593361398181628861842
0.611842576855828963684696307231143 19.5933159580226104543030351674378
0.571816583092448075135345621765566 15.6777969762215197957595551348936
0.536035368627314181262574294652334 12.6299515455496142021826502302739
0.504236067558985178571424767597712 10.2554720495761647845246251650336
0.476211540353054911626987816218113 8.4055220810502038768054208664711
0.451801339395543613921486423760865 6.96556403238817422629801030441
0.43087897121120293417008924922559 5.8469853482417572904346262058846
0.413335868594454211108223629489883 4.9808402955041104226593615504648
0.399063654844906996096917129343462 4.3131854636761467582244198154401
0.387937345950118361488056341973951 3.8016049213970852047500815320686
0.379802526992942777464885695403834 3.4126108064263911620329626165964
0.374468846306539893103800636352892 3.1196785879480024192812579756322
0.371710517013419929110622279456429 2.9017392351832928587774370142972
0.371272609786101542710034055932666 2.742003847794776523015871551001
0.372880638954602251981465421040745 2.6270381388237647621500458347247
0.376250754089039771294149110414989 2.5460332665688042502535742451584
0.3810985800501146723541371494399 2.4902369760839088831279905502173
0.387145840892346426274020392542217 2.452517897031862964990375809722
0.394124829707556801746926424389644 2.4270397123771650944398558709775
0.401781296290904092728876921624923 2.4090235956984436172624486169645
0.409876432356597881877686134212524 2.3945785342837630117616070223542
0.418188487289940931522636574748821 2.3805807296336948096050378117804
0.426514304587559026301167484411607 2.364585475386419272359676167921
0.434670841288700056123122221925936 2.3447577478638306065441034817658
0.442496575028055610535523495942103 2.3198110334201671060606518271481
0.449852628933960518802254756360408 2.2889473770701746225195846582617
0.456623441805581602199175755695134 2.2517949302655371725874047531114
0.462716857220733984038737886379586 2.208342079098589619740099276204
0.468063575939642473455843126665159 2.1588693102610133996659616461395
0.472615990134869520338960737514509 2.1038812168733060180934331484622
0.476346480619912284072468786203247 2.0440414978354886074558508765716
0.47924530111349171852087595842965 1.9801136144021939211606713887723
0.48131819436059033378581545458044 1.9129091507007152835869269863509
0.48258388577175658780853112243419 1.8432451042210957849750989873122
0.48307158583587311527016414931361 1.7719104968135849793985219709059
0.48281860857363726066264881221144 1.6996419785418759526136548279388
0.48186818506136622322237635884167 1.6271075659837024715624635481439
0.48026752284336044237039689218817 1.5548973308288077035072616044014
0.47806613681167629663988944547023 1.4835197149104627238858777651327
0.47531445648331470115296212801753 1.41340215476874103441141417782959
0.47206269911785822084765405095474 1.34489480700524183739632499962694
0.46835998759087408454326487774081 1.27827633238633775670094600752949
0.46425368572590008716724800771953 1.21376088738122886767425780986473
0.45978892102472051759411820916736 1.15150566161754180272555779120992
0.45500826453643118429477773425825 1.09161847288626656483879961854773
0.44995153915863389575699274732063 1.03416507954737173979249081452226
0.44465573029102988294081975583097 0.97917599067926032549670628175889
0.43915497593758451445093967787978 0.92665264789408947796168876775775
0.43348061669697445119201241684744 0.87657292228244680882858040908367
0.42766128933776650002934356636549 0.82889591928183575091668032774507
0.42172305065600671794259773127438 0.78356611731136091936861510261393
0.41568952098801291097281356720559 0.74051688659704986044994069444548
0.40958203905379768770677464305325 0.69967344587025536285500480269168
0.40341982174899729040732051356505 0.66095531928190870371551570036106
0.39722012410807256390770641884757 0.62427835602814264693337201167442
0.39099839595651257420336798195087 0.589556372393225331682586908651
0.384768432808168049208949230409042 0.55670247143594307998455351260477
0.378542519373002643961971985474302 0.52563009015035522390193308962227
0.372331564668626441029727603969644 0.49625381825270875866111497745517
0.36614522820181313298979332616449 0.46849002712471252867810372236374
0.359992037040003023793972375164001 0.44225734214557424807468998341906
0.3538794938500624506867521646691 0.41747698678951043823332682295428
0.347814176159510179741075443594506 0.39407302250011167954021411003413
0.341801827222073835354065522109431 0.37197250453246549765667280860825
0.335847438942896329619225177602204 0.35110557060217991936155125416838
0.329955327366303383422550908300719 0.33140547632418653205427539058242
0.32412920124712624038689384886709 0.31280858897390306405357095702461
0.318372224228181752840289376636988 0.29525434903565944760491204603886
0.312687071136985378377548709648782 0.27868520726959987058216076111517
0.307075978893254468854561263682464 0.26304654356997350492099091833509
0.301540792494970153781309044226387 0.24828657268415955307889867077456
0.296083006522097518851760438225244 0.23435624086105789746975482234358
0.290703802566365004561648080183942 0.22120911667173400304185794463821
0.285404082966164416501515502484122 0.20880127857133273111805618022129
0.280184501193616729800440458734948 0.19709120121309325405682052794946
0.275045489214609184323246584837631 0.18603964208087759109319801724347
0.269987282112299070369987141800104 0.17560952963429716618465227454018
0.265009940239920640134704170336631 0.16576585386799684997929536974769
0.260113369144626377949407432039846 0.1564755599486886106319943940663
0.255297337480611295457040149927477 0.14770744540096356020727925569542
0.25056149311017882309007989646304 0.13943206116327796172733342814405
0.245905377571848705262728622097245 0.1316216167142357529604144542396
0.24132843907732788814071576363768 0.124249889375088498165128772317628
0.236830044183429875640101982800125 0.117292137821081987442998463833203
0.232409488270981459690558440935086 0.110725019778222294609094917181448
0.228066004949027446643939860682169 0.104526513838048008213985687664844
0.223798774492081052071381544998581 0.098675845292914426848932139399362
0.219606931406497006069564203122872 0.093153415869500583708828738516046
0.215489571212190669375669759649891 0.087940737221907977081461747764165
0.211445756519432180481449256319193 0.083020368037828778977947301265975
0.207474522469693902042924232104254 0.078375854600966708427533234435851
0.203574881604422072871881365329273 0.073991674652567011550587347161107
0.19974582821907879314870731972288 0.069853184394135380131212404712864
0.195986342253506030765940552757963 0.065946568474347855951242180286921
0.192295392764941906042231088152094 0.062258792806754549719130900934044
0.188671941025328325160965959720641 0.058777560068978201982189574782946
0.185114943280528086185254038433947 0.055491267739188067078118998454691
0.181623353204856666931560583275806 0.0523889685306888345351181160505
0.17819612408204160432715740167401 0.049460333092273970196172134282635
0.174832210739173390221096347640628 0.046695614846594942321311588449563
0.171530571259078879443038860307719 0.044085616846305114919474638580029
0.168290168492550853807110223054234 0.041621660532437542943553735059184
0.165109971391363945163875303946649 0.039295556286820565686985650383381
0.161988956179464496812260144886448 0.037099575674850615371748505614067
0.158926107378803692353867095878708 0.035026425281274082008133812612425
0.155920418704552392078802261413499 0.033069222046910172987121677026503
0.152970893843067191709136716804611 0.031221470019455251415072814603768
0.150076547123812431748314110023482 0.029477038435917758423656867859822
0.14723640409708831962628472611649 0.027830141060107670850444288868164
0.144449502026037458537498824200175 0.026275316701599267254323024796072
0.141714890303387225508879749913369 0.024807410848584336163412302257218
0.139031630797815909052498575331642 0.023421558348364242097935217420817
0.136398798141172719301288452509026 0.022113167076963431935708718840524
0.133815479959235278181322878501006 0.020877902538589857470523359844414
0.131280777053347009513157811239719 0.019711673341992826863745302523552
0.128793803538972302936812040242661 0.018610617503376865591671439028401
0.126353686944452732816618938411409 0.017571089527471225854085370636953
0.12395956827359089039297468513116 0.016589648221681980634273761100117
0.12161060204005703437358178806778 0.015663045202811642910103634630581
0.119305956270044072105572989585936 0.014788214053642453399238613443882
0.117044812483768804792683839457931 0.01396226009505150321742073835761
0.11482636565272600123005633024899 0.01318245073603546551007568302636
0.112649824139384231859807383563656 0.012446206370089599033116160803362
0.110514409617778293003191692807723 0.0117510917853251185918239631619938
0.108419356981215813731196630322263 0.0110948080603794055698328697682151
0.106363914234990601693858406286686 0.0104751849170732773522955012414043
0.104347342379125892388275808329377 0.0098901735048419492707604860032855
0.102368915280463262363783930722875 0.0093378395916532330391911835958111
0.100427919534971852859809923802058 0.0088163571381994887547234831066886
0.098523654324659316222159576863136 0.0083240022344429466465083803532563
0.096655431266761183990536122306391 0.0078591473769934832256806311218762
0.094822574257315865843752970812485 0.0074202560683219905847368789684048
0.093024419310781526648068429245559 0.007005877719754175524415383611289
0.091260314398100556908241578553321 0.0066146428413664185727721567768117
0.089529619274954454734283849564001 0.0062452585005768442397077270639764
0.087831705318359757741358190792142 0.0058965040380724323316086319075934
0.086165955349339174891636201988221 0.0055672270216441339560592125205173
0.084531763462350533270997174117398 0.0052563394287713407142868185912182
0.082928534853251129629460465376442 0.0049628140431617315231847460306875
0.081355685645757033806996626526067 0.0046856810531368471398596558479611
0.079812642712449010896750622354919 0.0044240248398164221961772382073299
0.078298843505009692974765512654265 0.0041769809468986912413137333274
0.076813735882747162849009184014324 0.0039437332197739689648248990574979
0.075356777932161241849973371456217 0.0037235111034172019041713166475237
0.073927437805585099159632408819044 0.0035155870944034110067426370707424
0.072525193539130188600894937981971 0.003319274332341111002409994658396
0.071149532896536712530413737109793 0.003133924329675362017990162055005
0.06979995318943935095713751443687 0.0029589248250768294187251668829592
0.068475961118472896163142279117389 0.0027936977595918797173185539707227
0.067177072607241713739140364164607 0.0026376973648421349864760326365869
0.06590281263897660313622787876474 0.0024904083583225604896453122471536
0.064652715098086006907934193488781 0.0023513442400002429375186017452062
0.063426322607668426221189974388123 0.0022200456835202326625902764722078
0.062223186380308442647288259322372 0.0020960790185957918898642192635158
0.061042866050985599102278097246003 0.0019790347961947014779228805250207
0.059884929547235483486697356103156 0.0018685264374568068240671778743251
0.058748952902316512469994885252687 0.0017641889524571465974518780170735
0.057634520155803396258774561974039 0.0016656777385642752497096558659087
0.056541223159811713877706090573865 0.00157266743717748465419023328926
0.055468661470621934899161064572134 0.001484850861754262601664642209478
0.054416442187277962142442516798301 0.0014019379809846815697095722186133
0.053384179825171411306359290249616 0.0013236549615077657030053788463362
0.052371496176041812529571092223671 0.0012497432628294437320671992338654
0.051378020159141032137661411383673 0.0011799587821003571712835392352994
0.050403387716396094238031834154111 0.00111407104962246270365751621705606
0.04944724166009264339661947067681 0.00105186246581909697085229486238958
0.048509231558707108931746638908823 0.00099312758329864392613437363924541
0.047589013599343668680947743697296 0.00093767242737090995966556447303928
0.046686250447758098798251891756982 0.00088531385438891477704498222887209
0.045800611201475964558509850522323 0.00083587895107352373943521491656242
0.044931771164867841574985014873793 0.0007892044571960159855651524692515
0.044079411830935525142463257220082 0.00074513623186409900215367175955394
0.043243220680511414732655623196456 0.00070352873972748155563691937965444
0.042422891136998553165408793026499 0.00066424457382904424126335884003364
0.041618122411785941405247412442856 0.00062715399951374984397655986087799
0.040828619416199334585486959989483 0.0005921345269699340229483298909491
0.040054092665941780948500100833759 0.00055907050708720196693703111030141
0.03929425815744830793041961381842 0.00052785274859826005789649520389238
0.038548837189902695855695802308045 0.00049837815455714524071472694243854
0.037817556465931990310819894606943 0.00047054938994429607399517463438828
0.0371001478022201324149655392612574 0.00044427455244466167555310154217251