1.22440605282697066719093487452914 173.282230183820476697071063043669
1.12615623558090665522742252986737 134.043743153628313123266594815711
1.03741989625364572046206304714974 104.080438148366735134824795779719
0.95730876323294421574505948664474 81.141490910120081853584552576872
0.88502318750752681060165337597664 63.533146573155130336211747182401
0.81984511855180441203413896738983 49.979045595616868439191574127249
0.761132044332027069056784884187852 39.515894422231222140741158970804
0.708311748248630796389668609459471 31.41546911397230828604457627234
0.660877673674356688643875956146333 25.1262492275299323107644741881782
0.618384608169505186128045336200294 20.2296955022216109807780874423028
0.58044431616416253496890648794479 16.4074611247408498748484462760703
0.54672068375283878032598476720064 13.4167755768243606772749412589624
0.51692392718441404370467573375076 11.0719459919773155796194822375064
0.490803500096630276854766782757868 9.2304454489920714414674392470915
0.468139549629727431815306051996084 7.7824466218698444173407255380096
0.44873312373217086240663250173562 6.6429470052772380630491305015968
0.43239576852771028151414312766184 5.7458445370089220157973220432117
0.418939552783274068168740735952761 5.0394798048631239380623428120198
0.408168751611015179541220481310509 4.4832784960898168551501463564007
0.399874282317737941746052969276435 4.0452167912875159665586110603284
0.393831503147101667551552645750238 3.6999010509752519019608132080758
0.38980131085487260762944693345931 3.427106504420531185779426045033
0.387533852666066180168327697812248 3.2106607454781570812972157334377
0.386773815195218909156609045893248 3.0375885980355660868009449479633
0.387266239014161578233772998923497 2.8974570097149610400633536512718
0.388762051589337120332299425375306 2.7818738829377423190504763444624
0.391022854999283866079625311700631 2.6841050722795455683332003544104
0.39382480688091109371410157433489 2.5987809266149636182470358042476
0.396961622031418167312033646308647 2.5216691136255150014799843792662
0.400246796197543871733482461243056 2.4494949423725088978548784685569
0.403515150616583035407063658010629 2.3797944722743955420410272250002
0.406623761377340115330322467038075 2.3107895086053363852897410949591
0.409452305579074708478004229763749 2.2412770720522734296989059514996
0.411902843144670836239138869592461 2.1705289370850698901190115303274
0.41389906093498190268803923182547 2.098199207101300116282480924982
0.415385027819634758008218408417548 2.0242395463077639707847889474476
0.416323535968945787955335025974704 1.9488226270910282784979559271334
0.416694126305720799559523315164897 1.8722746757439940865332690385384
0.416490909341471414442579071483596 1.7950178688845546531130956611857
0.415720294537139495703216408987942 1.71752292989165919800645271355893
0.414398732764917511362316233897544 1.64027176757739675620731287855383
0.41255056006419036970958108354676 1.56372951769747879851037371282633
0.410206010055064198989929094225832 1.48832497309116178113047295023992
0.407399440313742015175215387101165 1.41443815543039033264438415861827
0.404167797281313878964490481002255 1.34239369032664087118687190294249
0.400549326553662200619422607683826 1.27245867490531588514428453383352
0.396582521524414760019604246419219 1.20484383966597351361830914882529
0.392305293478348081945904430243582 1.1397069702201579695591542093118
0.387754340038732748060478908137779 1.07715773974736081203058735817098
0.382964685766692903548239812062096 1.01726328741251580619266725013445
0.377969367998351489209253525662019 0.96005404686460229856158509623977
0.372799242000681182253914424275935 0.90552947423363733451186115593513
0.367482881628660854513484905204758 0.85366344383314864939204092436983
0.362046554380788245222634508736594 0.80440917254820313859651677342679
0.356514252709952549400339121983285 0.75770360326297021372239799375614
0.350907766391639094909757272624681 0.71347122723557510866815475164028
0.345246783511183914375540116381271 0.67162735887948454225465305882578
0.339549010111157338235010002797082 0.63208089759100593876165869553259
0.33383030069851038263964950151762 0.59473662325737226624268076886073
0.328104793634328414941203841979141 0.55949707746893037306192724219476
0.32238504694276382918192267482635 0.52626408338164392968034484441825
0.31668217130075576615370877076529 0.49493995516826310834513990278273
0.311005957948001278519791925097049 0.4654284442638528086038746544662
0.305365000020234372092463666920724 0.43763546496470002944269064002592
0.299766806398021236987692715339635 0.41146963697187854166720123684577
0.294217907604471682978403339402298 0.38684267752823836938588194437798
0.288723953615075030585921586189337 0.36366967114781926202953747678451
0.283289803675435590664896536814039 0.34186924066304481699963948365807
0.277919608388767996897333745508 0.32136363952160983996985954429864
0.272616884442087272180531331459111 0.30207878192547126750440766791512
0.267384582407595470893091807678444 0.28394422452804472436028800567617
0.262225148092286738897974784876075 0.26689311094958766857075264976919
0.257140577921045500639855123264665 0.25086208828873500827851609365567
0.252132468836436227177278964971729 0.23579120306770156887562509558989
0.247202063184203599071183171107211 0.22162378259597523853540387970383
0.242350289032053953575177950888868 0.20830630653513298810675693263532
0.237577796343070444984018625702816 0.19578827245712888798126661801543
0.232884989396942784160211266812293 0.18402205837853568329532239377283
0.228272055822304863598221627228802 0.17296278459112939459901071610589
0.223738992574569613029197191396337 0.16256817657400205329207777825771
0.219285629164168078384838655079593 0.15279843033692678753811964561588
0.214911648413721845933979593588158 0.143616081198533096738242445034383
0.21061660499611851253662952683882 0.134985876722182083587206627322198
0.206399941981902362566176781720734 0.126874654311711334232902803253876
0.202261005601970652711314214071764 0.119251223793368547464084468689834
0.198199058411314189298909795972578 0.112086255172865575302743395245677
0.194213291020752789091472537187217 0.105352171649041491196001527489131
0.190302832546809043219598241574034 0.099023047883357921537866741711157
0.186466759914396520777999626759335 0.093074513461500473188461414958605
0.18270410613323694506697694391149 0.08748366143666785988227922158206
0.179013867656129396651032347229773 0.08222896180943655421518036633072
0.175395010916368950566673182331925 0.077290179775529692250534303597573
0.171846478130792689132779177249078 0.072648298555485276768616381467101
0.168367192446685848786667742890209 0.068285446611329346750095436754906
0.164956062501734306452436964151695 0.064184829048843296571536485381661
0.161611986459537416864002406556753 0.060330663003368742153024088099338
0.158333855576363369819460727350776 0.05670811680800065394301588577284
0.155120557349112684988921042115681 0.053303252746638653081555367717919
0.151970978288736979460917501455482 0.050102973198886037566547954292303
0.148884006359452543647669264276838 0.047094969990814338986792971443991
0.145858533119216322848895763192929 0.044267676771784925732668236783727
0.142893455593465257181341085012374 0.041610224245286789478557587119646
0.13998767791061806408512582159993 0.039112398089336199051837646812985
0.137140112725128639641164410314045 0.036764599410086837351120317933402
0.134349682450665696800178175732701 0.034557807579668190213086928601873
0.131615320324152681876741938720178 0.032483545317505462195172112297607
0.128935971319001411724394496942638 0.030533845881687522897784025310487
0.126310592923499044477074863129505 0.028701222243976794105966834948482
0.123738155799886701023177318662774 0.026978638130082049712402840583154
0.121217644336194061121844952220279 0.025359480812190305988566467893144
0.118748057103595976100924038541125 0.023837535548733536368022812945622
0.11632840722919390865187638159049 0.022406961571388341248542282437272
0.113957722693724774060888678811565 0.021062269525701354376148971146852
0.111635046562915863802042806315501 0.019798300277390604582132377114426
0.109359437159473771372468193866177 0.018610205001157591626405012038642
0.107129968183635014265697091503189 0.017493426474771382811325861959223
0.104945728786275514456177338592274 0.016443681504172417350122379132138
0.102805823602626025576012989502881 0.015456944412220201330186042650726
0.100709372748723678258964190932875 0.0145294315251483645191031901293736
0.098655511787145036286954197687711 0.0136575865971755279763862881995737
0.09664339166472308869258343076862 0.0128380671157352852983725051977829
0.09467217862564193161355452309023 0.0120677314338514985450115477386351
0.092741054103968006175900486847246 0.011343626679828887592546232411935
0.09084921459695754994931378475598 0.0106629773965308281370392186259057
0.088995871523216772577738507563367 0.0100231748665932891388899757552748
0.087180251066545233601722515397401 0.009421767081469979697526700771863
0.085401594008108676027336044904969 0.0088564493155379653897404975121723
0.083659155548674412263468091762533 0.008325055268588548004404785015623
0.081952205122527947580496508949742 0.0078255487422899029997379553045516
0.080280026203570670739052781162432 0.0073560158180425469183490477804013
0.078641916106681840015569468946069 0.0069146575064219888277627562855731
0.077037185783722626347161480135565 0.0064997828391811961488934429919092
0.075465159615474172098510038472966 0.0061098023771711752864120894753534
0.073925175202129428866136966404836 0.0057432221094693217908698024111112
0.07241658314883122637093094959476 0.0053986377190499654980307425919854
0.070938746854270013622349229643662 0.0050747291945837057046087552354624
0.069491042293498512183943351013828 0.0047702557653042297305533443097992
0.068072857804546089660091443696039 0.0044840511414764234897853301008477
0.066683593872280821814492929048156 0.0042150190405107798165295675553429
0.06532266291528233225881529211848 0.0039621289826044931759129137307569
0.063989489071885434118431573207921 0.0037244123388256672080826644560589
0.062683507988488410953019323545465 0.0035009586169671194664167116540102
0.061404166609369544072709319489982 0.0032909119706401583358632184627954
0.06015092296913647279502477507223 0.0030934679183020659544611665622514
0.058923245983796592798126703843583 0.0029078702589236923737191535871873
0.057720615248006752078528910316127 0.0027334081736229269604747147938761
0.056542520834756597760444539716199 0.0025694135014065844249211524634562
0.055388463092061049870157542055755 0.0024152581778192756315441236776246
0.054257952453213715800961100034911 0.002270351828926532964544038180454
0.053150509231699404953657891354824 0.0021341395074790624527078334365615
0.052065663442375974054482017876778 0.0020060995680103945114323041578983
0.051002954605328213310395143898961 0.0018857416670389976359452589788521
0.04996193156237181149118109812823 0.0017726048845666325917458172757894
0.04894215229154350904624697727046 0.0016662559578307932806652719498316
0.047943183735289497440754690236756 0.0015662876222184123110308450520631
0.046964601616029887743898069689793 0.0014723170501827181204430602829499
0.046005990267448025117752394522139 0.00138398438517398775794553213981174
0.045066942458615068138715861310719 0.00130095136262163868365036423621652
0.044147059234281879156879215808841 0.00122290001488195219213315699575766
0.043245949740968764802006044280761 0.00114953145243302554600043867285938
0.0423632310716838167806668482598567 0.00108056471956890462182916083576627
0.0414985281082609383655216116393593 0.00101573571829486741225282963754713
0.040651473351584415519967555281421 0.00095479619574070920090795024058961
0.0398217067978672653773980458460512 0.00089751279544983971670695507641327
0.0390088757453769885778749792756784 0.00084366616053948423862441517922593
0.0382126346945679677964660904487156 0.00079305009685215684357585429616254
0.0374326451688028790750020203753054 0.00074547078086023175791414116661592
0.0366685755887676120895280774500578 0.00070074601842394606347870348198781
0.0359201011150530020547728069977325 0.0006587045459536649341262864860433
0.0351869035507022027646036239170443 0.00061918537672156605466403749846506
0.0344686711636718959527463756602834 0.00058203718182553520161819912192161
0.0337650985733792439821073924937537 0.00054711771171069103603781449590558
0.0330758866434181652079823303280183 0.00051429325240338229852404404786421
0.0324007423090122973574103663122061 0.00048343811115876006428977797810258
0.0317393784875382292900912792620404 0.000454434136825528312613807872372
0.0310915139666609634826715386349396 0.00042717026768587593320709026209465
0.030456873236897117130206654902568 0.00040154210406869121900163442178219
0.0298351864359836135439046875073524 0.00037745151112172046335829819142864
0.0292261891864271948987963079918556 0.00035480624100751712236192702709446
0.028629622510167742079411551887876 0.00033351958071949378168858551071761
0.0280452327149705742915097308494226 0.00031351001982913859529022447013151
0.027472771275575029971203760090793 0.00029470093795751039406785517307108
0.0269119947446182526148530865584951 0.00027702031192048134834626206875205
0.0263626646261760098046640482340385 0.00026040043918075404598365251821718
0.025824547308604784961169759849551 0.00024477767964942181099935851919794
0.0252974139354084280888453492128142 0.00023009221105131247885661385235389
0.0247810402972110813649841441774996 0.0002162877996252752700272069094738
0.0242752067903256457431628562851613 0.00020331158625497861013885357216744
0.0237796983216404398444698165621571 0.00019111388383790751029080304564226