0.93973535279870721271883329513972 76.704395778746657883483769973451
0.86161739995966922064836141479542 58.553537046295301392261684136373
0.790233684699484080855144188353147 44.669305011932609023900898155698
0.724799065886776293479607774886154 34.023404161438323367597705845709
0.664600132640498239992829900230611 25.8441333248771932329644144357464
0.60900008987362985597480278632484 19.5519962536141711636909954246859
0.557448681444677987714419410702052 14.7113742492445410724450452604928
0.509497757944687720825374110414042 10.9940999875753832237799236514554
0.464822614713562002673119626516553 8.1518674358360276239517006052647
0.423248039335533923886636946236753 5.9952580214784423885905409078248
0.384775474303384961886257322526836 4.3778234750898930455876491882256
0.349602978672192514991578797153316 3.184176496328258321075582420816
0.318122561084972236802403093774619 2.32140806477231182354069463964171
0.290872945996658807551778145378799 1.71335489861434599655047679099978
0.268429760287909672356436554314102 1.29724924475608381180317383682881
0.251243447239695786357017961800702 1.02209997579606773486737957080665
0.239484470450772243992060606901735 0.84791516898416760710723030043177
0.232980701554224041625226026002183 0.74486732385393885072851432741517
0.231284595739780704761585998504857 0.69190392549936301921345815367137
0.233820397684113720275121741870103 0.67488757472816499199373109655934
0.240024191539208538879091839896427 0.68467374788613883226104740088016
0.249424730659436904173314906530647 0.71547221615623996222045154057088
0.261664154571456514040175516436397 0.76361518941296520542244151841794
0.276481768422108887198157120078128 0.82669242867467178939652586291163
0.293683250765585307037836664396112 0.90295923453625142061604388109713
0.313108758622921267256000009962066 0.99093253961762272110821295095823
0.334605936306734318175445873083343 1.08911778480237664282973584105454
0.358009666339202536199113590063182 1.19583326377772128968648765816196
0.383128572942693696399229440792403 1.30911377463187474065049117494171
0.409737653116342884817826023450707 1.4266827164489489206969756520851
0.437576251023995824106829942991297 1.54598367162029601941823217801501
0.46635055978253155673539146933498 1.6642612930545520908506276157114
0.49573979681668230023159957953253 1.7786787607546016523864503550218
0.52540513102382911154676641489804 1.8864565720733092542712937496045
0.5550003686035143711151731388782 1.9850160338181812818561726742367
0.58418337063605876475703728917708 2.0721112087891359147264626963971
0.61262721254967889185261154546911 2.1459354510970809629843573825842
0.64003021694844506248785962481276 2.205192764907639499625409687659
0.66612418769904419677476815288676 2.2491293450314985127111608024912
0.6906804178069244913126576789264 2.2775258951830429779812708486165
0.71351330074322946424183563254659 2.2906557964573851742015991052615
0.73448160984004768402742121959632 2.2892172929977036939438801957334
0.75348769701553679758228464491735 2.2742493176453207382568535372323
0.77047498656226356910098595338154 2.247040498504255861056890182742
0.78542420044871721884488947952434 2.2090396259983992927655131978316
0.79834875657579800865141142987949 2.1617738954738663979204952865334
0.80928974438098281647966933466307 2.1067790381152284893258517106246
0.81831081851226446185248414882406 2.0455433800679487269462961340946
0.82549327536517099616138871792952 1.9794661595652115391354122882687
0.8309315003676098934623626124954 1.9098291859372388916883877371844
0.83472890390902842537535371508815 1.8377801437021235630682155168057
0.83699440508489762946103711969919 1.7643254646781918608435173972411
0.83783947668503454739668384470472 1.6903306174055697884311705013654
0.83737573178213024301417644134663 1.6165257974350740086570670272439
0.83571301050119685491163175897445 1.5435152579570598662251220161377
0.83295791291863100925883368804048 1.4717888290491561735385836032465
0.82921271854849992581106210256194 1.4017344886846568642831732211528
0.82457463246937001075078932258755 1.33365113925612614986713417886
0.81913530108293315638109497704391 1.2677609937723800123287249262004
0.81298054559428193975173910729471 1.2042211812592039334992656965429
0.80619026731363318262417187232021 1.1431343408061447685470233830112
0.7988384853373655909589267635497 1.0845580939531598079511540319344
0.79099347335360425168594092187002 1.0285133707075691016196986203245
0.78271796814849582996579150865914 0.9749916229831008988464458112861
0.77406942755231230329279958569449 0.923960996119769229818505599108
0.76510032007576624951465630417024 0.8753715501459293955941282286977
0.75585843234849742675946089227393 0.8291596320255026311876615786587
0.7463871836566101658508308602093 0.7852515016120724217687871001647
0.73672593956199358258674719178849 0.7435663105579532728935260976048
0.72691031867823195475686858235946 0.70401852645654704641002779425674
0.71697248844270143515700034963224 0.66651988615966717954192868692884
0.70694144703402964098371143664047 0.63098095287500123520703183351046
0.69684328966607567342942310187318 0.5973123425314883174014122791931
0.68670145829030430733112265468006 0.56542567608329045910600944397236
0.67653697431219214028683229849628 0.53523430621536621873182915062819
0.66636865444552004691131087208436 0.50665385976729556214732292437572
0.65621331007880560102421827323797 0.47960263051119558626860159436637
0.64608593079391445145668886865175 0.45400185136337561386305564945159
0.63599985281703749615045936932703 0.42977587019398586322622479391028
0.62596691326964910031510032018773 0.40685224921100472300702848301238
0.61599759113364051442554650673531 0.38516180435006157865127725165828
0.60610113586186998589148827686931 0.36463859812137258131503409524389
0.59628568454405083556747335092126 0.34521989684332988815870655683904
0.58655836853968502866167567795093 0.32684610116250102168761764402871
0.57692541040558950100467706083934 0.30946065694950610063325909606107
0.5673922119564478230067472198838 0.29300995233761018243729852074923
0.55796343419593730126397596979941 0.27744320540982823682864811101691
0.54864306983655854108189589029711 0.26271234614026765898415329065522
0.53943450907056825406005278149994 0.24877189540492884456850469026069
0.53034059918843782409529864158955 0.23557884322176080705008234935807
0.521363698609064681055609186008 0.22309252789353880142238626191529
0.5125057258374627456065812517853 0.21127451731024285570976544878456
0.50376820381007385611566893222432 0.20008849332213831974137031210516
0.49515230006043694621190354922698 0.18950013985054591216304530607667
0.48665886309294916697129070545533 0.17947703518515040659477504300755
0.47828845532161034950834474978338 0.1699885487581690538125732646219
0.47004138288802708134993406774944 0.16100574254641925503343481273739
0.46191772266478620586996507869513 0.15250127717719322391868142372555
0.45391734669111007071943805976652 0.14444932270368878546777234665502
0.44603994429989243971003975503406 0.13682547399830252664419809540768
0.43828504214152173615721651784634 0.12960667063753552497647116514593
0.43065202230106983187009993491403 0.12277112113563573267822594781504
0.42314013870180356848912342784324 0.1162982313761772015809489650944
0.41574853193821914646340867157572 0.11016853704779399441109201354701
0.40847624269579588261575130240829 0.1043636399098756760123597247354
0.40132222389366818126832125126111 0.0988661477029899495937458250761
0.39428535165799295368065340559094 0.09365961750707551836465116798404
0.38736443524348866913907040246206 0.08872850237026046075786046427519
0.3805582260025137738242273856193 0.08405810102865743534198668130775
0.37386542548721171511916842231568 0.07963451054038878206905657947543
0.3672846927618674912438243609297 0.07544458166448166276904027325932
0.36081465100911858878648793187285 0.07147587683175319136024470551732
0.35445389348863840615205464526487 0.067716630550083819363196334191816
0.34820098890505395382627633975262 0.064155712098073124823474760898567
0.34205448625292709169208788800745 0.060782590378258132522428067975171
0.33601291917423449389120083063303 0.057587300792497030900541586361885
0.3300748098781495691372179036735 0.054560414021181132852420614168375
0.32423867266887614676035864003341 0.051693006594372989539833233232351
0.3185030171051710402118498290949 0.048976633140603424101205381613798
0.31286635084563691139839428982374 0.046403300222585543540517893910952
0.30732718218354489825293386754726 0.043965441652212497092430414205693
0.30188402232760256434578736293442 0.041655895209543121508959806620105
0.29653538742357208810787914026116 0.039467880668797403307547864955165
0.29127980037021689311593211102598 0.037394979066773656908520677484903
0.2861157924219277491850490892448 0.035431113128355506861460841186831
0.28104190461839887366430938009387 0.033570528789557503574748455669191
0.27605668904290249852768125744531 0.031807777747597851625271117440075
0.27115870993855509651409738740374 0.030137700982971229894263856164378
0.2663465446791439650479419211627 0.028555413190743559045479713818295
0.26161878462695735179627969949073 0.027056288075038421855999224900408
0.25697403587819981555137754512226 0.025635944452911759813540105152937
0.25241091989720381166808884714342 0.024290233118417606185701602643022
0.24792807407413664815987883475849 0.02301522443089962637994455059925
0.24352415219091978806776640040872 0.021807196578894642788558020091694
0.23919782481784601152958652278492 0.020662624485536823892499631105531
0.23494777963650232856508474532851 0.019578169315957032956003851019972
0.23077272171401798711836650787568 0.018550668557508562082354029718954
0.22667137370566869750643240828645 0.01757712663330074957309299487958
0.22264247601919562217273598990642 0.016654706026247761773995552550086
0.21868478694167400128504122989205 0.015780718883742956049698435564723
0.21479708270227990139996226642836 0.014952619069433081257696471459501
0.21097815752540303200957709048339 0.014167994648468500722371978107897
0.20722682363383629064459129075028 0.013424560772646703302062856651458
0.203541911238418901057490172750389 0.0127201529503070925548462695239
0.199922268476857720103844821033928 0.012052720671957798784172425635238
0.196366761359620375161557002471336 0.011420321382662638411803599129031
0.192874273675336841547397270422185 0.010821114772734988828800248382903
0.189443706877036132550009665889131 0.010253357373159791376641100777566
0.186073979974883598798273665660617 0.009715397442875602287788735619082
0.18276402937216575942035493459543 0.009205670121516973952149646949369
0.179512808745219442084024653519453 0.008722692848954776916431555553023
0.176319288858309869211237743008795 0.008265061019996014480824429467927
0.173182457395227909649820987179346 0.007831443873998256091524367865586
0.170101318798320155857816421450664 0.00742058060461578136265642233867
0.167074894042541912341719351984281 0.007031276668149504543535440908101
0.164102220489723009318142786337568 0.0066624002988505611771907440865326
0.161182351650103910829888753446007 0.0063128791975242222394746764634888
0.158314356975571630005689937181746 0.0059816974002485328615356271217859
0.155497321725850658852195260991455 0.0056678923211392699354487448845609
0.152730346639558767256481042161903 0.0053705519298692072138262039229423
0.150012547817730466897823139314015 0.0050888121022384720226613000888372
0.147343056468226375203535305998701 0.0048218540955567997314649375514623
0.144721018697542262484443961856735 0.0045689021625818455575723221442293
0.142145595327377745908563410395561 0.0043292212935760035805675699109187
0.139615961574562331201811606020461 0.0041021150649641601176817927168994
0.137131306969825084703408536230639 0.0038869236232152214025812641956375
0.134690835056448594625839718637406 0.0036830217550057331553361216098393
0.13229376317000588281771922131474 0.0034898170665974373232611112543007
0.129939322293990771450691599040649 0.0033067482648825034993315557026533
0.127626756786320187631596299355697 0.0031332835184771392883593551929803
0.125355324133879771408773507138025 0.0029689189077281275937510145134229
0.123124294886408580430555180834281 0.0028131769688538621993786001489632
0.120932952227074375187714133132857 0.0026656052889425452341583516357868
0.118780591973752987221328873628919 0.0025257752046119419970027017483159
0.116666522315367456904532085110514 0.0023932805504944257553605438951158
0.114590063444456248245831625581689 0.0022677364678773170126586543097113
0.112550547654240937562379132603593 0.0021487783040355280939274467183706
0.1105473188726183739257525829032 0.002036060535391918350368954586787
0.108579732617737727887204555460997 0.0019292557720698836874916390049911
0.106647155689191083471923868080532 0.00182805379969680883218098060142
0.104748966171913603104197214048198 0.0017321606879169756640878911279649
0.102884553036980901207177610138679 0.0016412979247559996298687348572699
0.101053316023442596537243391765834 0.001555201610984376990661564231376
0.099254665565101344176308247274791 0.0014736216981498978716576463283428
0.097488022349056744359011982176506 0.0013963212499074031006900253211738
0.095752817437613230151715568261631 0.0013230757672117912148280069257198
0.094048491859916903692009845880357 0.0012536725255872867372670694879586
0.092374496790830162286274617199232 0.0011879099712872560979530290764263
0.090730292634654727456347907777272 0.0011255971061013919593926421644915