0.90070204196350879373909496365302 67.263436206760469194296098424972
0.82427497899005884541297646407593 51.021160004624115027218369806582
0.754025102142500218109805054586602 38.590255440115324504716775829043
0.689143042824149074555225341181118 29.056768030885203902484737482711
0.628887041811272697019045111828437 21.7359554902414887438403545964092
0.572591662313420848212360481732695 16.1146591826467154920102040183728
0.51968370333312810894614497428275 11.8078624842007521713141357031669
0.469706977956102589832543362630346 8.5257128583597739139897921766816
0.422357598389406963209218809406868 6.0482962008341009970384398006228
0.377530536149900527027845955743389 4.2062593505551071417549654126459
0.33537486735262799903237419361381 2.8660333809431286948013768828174
0.296345800065471091958791182095984 1.91893670176259786768441002661445
0.261221670000591569058084865160693 1.27381650823402176366437698964169
0.231026079832358720219783802130799 0.85304306035689652697091427570251
0.206791825656295597816400013902951 0.59144017552816668706445209264417
0.189193407477327905913826712826518 0.43701259511989585641872762110307
0.178252743435431368221085608476289 0.35157495790141014684386843506004
0.173360067505574651601146588600205 0.30969627492373655658029202370345
0.173589031106138694177297552099147 0.29594496356507167951890065070499
0.178041658089100340622359668767815 0.30166357800907576911260114483864
0.186033478071283879123899837655934 0.32234094345061606311865740473638
0.197121568868996324354627696949114 0.35586331615278419818695057898809
0.211054946129448284232195741595749 0.4014509902591176952397227979253
0.227707109795705986517891560043843 0.45901030414703519785761910601294
0.247016465596466810318914149862898 0.52871045996859056597402343202355
0.268940921700161080267369843562994 0.61068187770407935699460141325022
0.293425689395114451830252201225931 0.70479041207507471617701316073357
0.320381611265383942300353354314258 0.81047257592845876246817462275958
0.34967154780927233294552306799978 0.92663026118522113809712275008928
0.38110303472477262600839054245061 1.05158680403938545207018664407824
0.414426076978053351447410463484628 1.18310455446821445201576912669881
0.44933539560819076731025283534362 1.31846030099481544901600170447582
0.48547664029388332836893825082191 1.4545704696443418762741502255098
0.52245605272071592266294800329883 1.5881537162666197484858887596454
0.55985289122891792905574175255369 1.7159149444897851815351028757949
0.597233706715391929187120541402 1.834732568357866420321361007334
0.63416738710094288235725583149843 1.9418306463607484002594834039168
0.67023982790699752002479639861422 2.0349196962963863914455686258251
0.70506716546290807475452093388118 2.1122943869768253397819266637055
0.73830671468050019825029914613822 2.172882166807914779666843555543
0.76966504509061276378169600042275 2.2162431461819814591147139490117
0.79890295358296188296926740271891 2.242527077382863987908986399625
0.82583739833289041163233843061183 2.2523972199929321272652389214448
0.85034070648428301617372272689811 2.2469328398866829244110650887024
0.87233753644924033287258487596901 2.2275221284599344636515806162202
0.8918001603033269682178954043051 2.1957558623199002597955227597968
0.90874264207040735023606130579929 2.153329737108221402772175078657
0.92321444161111431571547177964489 2.1019605920884524545126427836866
0.93529389166635120090316438011269 2.0433191647535762653527521223136
0.94508189661973926004410821042987 1.9789798803242570181848052307762
0.95269610075385141548995786254076 1.9103866229629617407831187427317
0.95826568186527810225176501141227 1.838832458912344270017399215053
0.96192684892084361043751566826254 1.7654508060709630766589118225513
0.96381906224060443199275788783737 1.6912154512059817427552902313277
0.96408195132392974644398511125413 1.6169469820167864048787196166823
0.96285287671002654857813201730173 1.5433235158605571744165919295399
0.96026506579199312909558588884903 1.4708939867679271599321696012781
0.9564462453229348882406370029008 1.400092637243077369036880887283
0.95151769278810013241232074843143 1.3312537144371194572353744993235
0.94559363279784957033530875159842 1.2646256734437828685254826112515
0.93878091127006030988167049706953 1.2003844365451959426391397286718
0.93117888811999074743814108020372 1.1386454479877539083572292217622
0.9228794975617631231273504413156 1.0794744054436538222550973757236
0.91396743328420938644035323780999 1.0228966494607989015909389559554
0.90452042326686242396293860424044 0.9689052590592506125697449366912
0.894609565816996344274095776574 0.9174679434757909756118420757051
0.88429970417880557478819665423782 0.8685328425319990046031366073307
0.87364982211449113759167252396007 0.8220333577674729571858012791944
0.86271344694528496028958678078806 0.7778921366116453628729725360861
0.85153904999209669690953676694744 0.736024326514812299101787231927
0.84017043705602305151463085768766 0.6963402068607717675858908746032
0.82864712380396809049027275009332 0.6587472958828463527479341121738
0.81700469263734521755994509414843 0.62315201848314841125480325109535
0.80527512891948618411213518117767 0.58946100965587973677267990772919
0.79348713550191088996311536185271 0.55758211786208064831706511503928
0.78166642521126819535591793595557 0.52742516303195228616244024501548
0.76983599152196837455314882621475 0.49890249533699395083756021106621
0.75801635804416749193154064490329 0.47192939337744829985424652082356
0.74622580771190052830555009461795 0.44642433388790111883492335301747
0.73448059274868798370242796050913 0.42230915952171526929698427114863
0.72279512656510676216695294181612 0.39950916649387141801553585226588
0.71118215881886632264787561931565 0.37795312992780599906626169013169
0.6996529348495904647591417575584 0.35757328136866033782796247644082
0.68821734067981554888496069969882 0.33830525015774192577186666822116
0.67688403477321141185291084028763 0.32008797812973966470477364177961
0.66566056760889439771350173686068 0.30286361508473255770405154665804
0.6545534901599660616060009788233 0.28657740107914348525562317432895
0.64356845220285779627686934365321 0.27117754017681829997210896637673
0.63271029140212343271880122561756 0.25661506939897995505207041794266
0.62198311398918104905813515941406 0.24284372569703583991460698728326
0.61139036780032835018941380863033 0.22981981312428507077145862272934
0.600934908382221598599361831483 0.21750207185351562411662007620881
0.59061905882752457520049096612104 0.2058515502726694998284793235143
0.58044466390314227579422481083637 0.19483148100024034180371382834192
0.57041313902683695428304684970933 0.18440716144597315176872158595345
0.5605255145665797586681493481008 0.17454583929443241691130874036838
0.55078247592285372480292155284589 0.1652166031563499589932139797226
0.54118439976400293870866898611404 0.15639027845858310540526080600581
0.53173138681932911730627411352748 0.14803932861586944139022803549519
0.52242329152238191171326732318144 0.14013776138182192092950560622627
0.51325974882706402425170084061987 0.13266104028046571870945682255511
0.50424019844845180406667576848884 0.12558600094390171299891866820808
0.4953639067861162339187558132083 0.11889077218250250356205718468699
0.48662998674773692377514220687265 0.11255470158245739546570008832188
0.47803741565540151480958775463311 0.10655828540704889646483487633565
0.46958505145139082710855379417806 0.10088310261166561058750791270108
0.46127164731751400844937445850887 0.09551175272241534196396517608651
0.4530958649073118089732318027173 0.09042779740099113739440489024171
0.44505628628066331727839684398436 0.085615705459008275983191299375
0.43715142468802267705757656425596 0.0810608011391041054009525574095
0.42937973430130289210110048434749 0.07674921546265823294840338388344
0.42173961899888269978067058564765 0.07266784046560436384292454030347
0.41422944028241849661731345978255 0.06880428614130916959563317828215
0.40684752441482841609007737317306 0.0651468399302363659720766454252
0.39959216885735660675299399070599 0.06168442860223219872045615202287
0.39246164805332484816888094614895 0.058406582375263998649635207068162
0.38545421863894723768316953899515 0.055303401142528735419093443072587
0.37856812412434864243490958244475 0.052365522672476471776073334570363
0.37180159909749062681014925229308 0.049584092661666468144621510451147
0.36515287299163872076736056008842 0.046950736524763233680334869603134
0.35862017346780451082819140577196 0.044457532819276279591760183721617
0.35220172943484987807237722970045 0.042096988199255921078060279640707
0.34589577374480731607978424406527 0.039862013806557734103435662472177
0.33970054560336350884455480095746 0.037745903015575579046443196390807
0.33361429271151599147926066909406 0.0357423104453014088923965112041
0.32763527316523771925951277585254 0.033845232163094327364939140293203
0.32176175714014673237360228250141 0.032048987010052419597416421372262
0.31599202837479675398626758056816 0.030348198978799603261860324972086
0.31032438548563758975121720604738 0.028737780585334162536274197288448
0.30475714310591269992749150657376 0.027212917168931253668745592684399
0.29928863289215659410274485408171 0.025769052073504105868460264335849
0.29391720438362774469065174301368 0.024401872650879216765478516883843
0.28864122575808766307759433339273 0.023107297046135377194300804313296
0.28345908446780230737452349881014 0.021881461712386652894084483949759
0.27836918777779903772937671818864 0.020720709615945218307744064492482
0.27336996322681826911238824484575 0.019621579094460355526232058966892
0.26845985899290263011020900493182 0.018580793324559713060951247010302
0.26363734419821240517037599424481 0.017595250370210348550087069871977
0.25890090914753038034996275514897 0.016662013775861243292336159578945
0.25424906549694012559807138787797 0.015778303671698981323220612877001
0.24968034639689110302762578205701 0.014941488369425521611338823829948
0.24519330654999921718844406628813 0.014149076408721792537895939139285
0.24078652226700674280522868693031 0.013398709043602702987202313155503
0.23645859144083770709455890941987 0.012688153129088097042329383058112
0.23220813354100899865561642921211 0.012015294402590141918421987391649
0.22803378951838066680452786426925 0.011378131119355320062113788455597
0.22393422172800489821588497112636 0.010774768039246945679210267311572
0.21990811380237994374351911257818 0.010203410734269333865416840967648
0.21595417053595305476717152783171 0.009662360207695072846776263473676
0.21207111767849466539659491532661 0.009150007793207967611493079740105
0.2082577018168505445440343128835 0.008664830342719449449778067574306
0.20451269014977020559891993974911 0.00820538566062527301451561660548
0.20083487029173212703529244628741 0.007770308188894845895516442886996
0.19722305007236896432206416681145 0.007358304924371180682475498582914
0.19367605729157066324679815549129 0.006968151551029725492902744935091
0.19019273952074030845523833713379 0.006598688785550562533373722168581
0.18677196382874783063890321467979 0.006248818911162248562173263899599
0.18341261655223950296772206034427 0.0059175025024316827009004020430237
0.18011360306428241438037489687602 0.0056037553252682889389338524267907
0.176873847495721302670172873075489 0.0053066453984484959421624665795082
0.173692292459018687736438719379725 0.0050252902129835332881492662004455
0.170567898895825653519784799624464 0.0047588541107805426704840862456611
0.167499645642799252639437646954391 0.0045065457791297737898071227575571
0.164486529338821918169805407088767 0.0042676159078300500727611053197553
0.161527564032326962080580996290357 0.0040413549465742183449576855834261
0.158621781039603390075492751764209 0.0038270910016736410723495315069718
0.155768228541263572241550435941616 0.0036241878250933495856013849197527
0.152965971447186086106890910310668 0.0034320429302546370517967231145791
0.150214091074244786898788799648534 0.0032500857945160792854036795620101
0.147511684909731592595451337311903 0.0030777761632920290221297475828027
0.144857866259345557880354710282407 0.0029146024371127723950880754390273
0.142251764214985454617777273916118 0.0027600801639264767638565817509539
0.139692523142529677829804954196077 0.0026137505823832622347344710888002
0.137179302565996631505853868268197 0.0024751792663317225225706693081206
0.134711276906859882773679831418748 0.0023439548324442953302602094683222
0.132287635292635666299086324617959 0.0022196877200022455561119829956649
0.12990758103147409656224075258292 0.002102009018738695514929579144214
0.127570331888215013458755185754271 0.001990569398584042151016582877213
0.125275119331966420627198401175842 0.0018850380457084497374824596182504
0.123021188499788008541590609662914 0.0017851016899989068785168948144337
0.12080779815290185795961263969062 0.0016904636822578922417047802892792
0.118634219987791739304671085063986 0.0016008430928848724288545349256903
0.11649973908454956997085638921734 0.0015159739057589128400876729168032
0.114403652780468102292256423154621 0.0014356041911634806862931889233581
0.112345271421076788982330387260483 0.0013594953962854672753449818311368
0.110323917487572691387673880161982 0.0012874216105592627893580065279913
0.108338925409991110066052695295609 0.0012191688969055149033127857471659
0.106389641700499850815688158348468 0.0011545346685675178450235397562118
0.104475424804339633923747966010502 0.0010933270881964666040352254714804