1.1202875330872206706188961230572 131.919953332967575813073096495058
1.03024563112255515569952465923263 101.889125289663467775667004593184
0.9488385833485517749897751112059 78.952987506666636956224347112325
0.87524393305026478697968105929769 61.390746499163587516091992203927
0.808721689854999218186904757402071 47.907835411187772395427545267587
0.748609472156632640209946348466644 37.529053868327196785616801534946
0.694319016365497215030193596135809 29.518728131896582268764815871377
0.645333894536289339511255804742711 23.3209963348524095223378597804099
0.601208122053153130913798811727199 18.5150920827834673954090733206199
0.561565114540848230628043871091282 14.7818159727519325839879881623252
0.526096183320678540200202822280203 11.8783651568441699703076481945369
0.494557491471321366705969421880914 9.6194216301417890801807136116076
0.466764230071526797607166608491109 7.8629430147699174153011204334659
0.442580876139079392977138483149883 6.4995007722390663171267926692408
0.421906941804745384471400543552099 5.4443035797512283536114851871046
0.404658714898009072822497186140019 4.6312540288696670058207505856062
0.390748967338968490860946403377731 4.0085366526957524487039953425895
0.380067942443594068992351293616649 3.5353440238051648521884739759214
0.372469363224291542896430246519422 3.1794320338353859911092476461528
0.367764204421977653448297467774733 2.9152673316710584020852142205717
0.365722770073075773050441754143458 2.722594279858708891839486640397
0.366083227986274369556810892202691 2.585304486742795404469916575132
0.368563320615014106043910151882144 2.4905352098373161080893378884503
0.37287199671426244992748644376546 2.427951613453508648949072999393
0.378718824589603113805167288382572 2.3891835011616105743802865074584
0.385820466812537112298114835965587 2.3673937641111385746597442753431
0.393904578526228122560592422504099 2.3569577120992720140335294421662
0.402712001854693868734995999246791 2.3532327883474551287215439120915
0.411998154983007609288315587604931 2.3523985442842495136776981738935
0.421534268383064873723851968989114 2.3513477929366448579476953488614
0.431108795370642497049933146419242 2.347611706803794196437163841707
0.440529040442042941680877044466948 2.3393042199738339876499732452438
0.449622859284804693500583332138225 2.3250742686358736577689573144981
0.458240196169519399464226412626646 2.3040578947788339709000265695427
0.466254220534287084084981775245225 2.2758257039810449918057592000208
0.473561878142003883167973686504023 2.2403242525051791443404036768427
0.480083755396409086471826091586772 2.1978123464308572502492755036268
0.48576324441448394881477589492844 2.1487947982581122937502531490914
0.49056507398086248064714805470182 2.0939568897795210172664036372157
0.49447332749257560153893753852958 2.0341027553937675405769549532631
0.49748910000941398251234632786651 1.9701003369644516335534893361415
0.49962795420000493619065535775477 1.9028347080267786884075968853575
0.50091732413468868312005267429073 1.8331706375029927404369421164072
0.50139399269144981287534342144033 1.7619244225591363872261748016151
0.50110173886910779833034674826823 1.6898443625222175510654120625558
0.50008922058774559193175546818723 1.6175988066237085141618462545928
0.49840813020428774049464844826313 1.5457704785305260589025306811732
0.49611163613743161586933344905942 1.4748557240583193117024442537554
0.49325310558250394931120626999669 1.4052673977026217070212917463511
0.48988509031197767329066525455463 1.33734025176592510624804150867991
0.48605854941478190168399290991483 1.27133787889901489315441996597288
0.48182227866199957775321265710045 1.20746045483964983568104766796687
0.47722251504386173929409888887431 1.14585271295834494644465700160169
0.47230268601210005907794775036211 1.08661174446331019360558534061671
0.46710327531342725308195080596541 1.02979435277376919305846331317851
0.46166178041075921116874842483405 0.97542379716567706130735644447167
0.45601273990849960496571873432998 0.92349584153018807306269574005949
0.45018781281235048054615306665321 0.87398408253528224280604068377218
0.4442158946659612921851011514242 0.82684457171429122167108108836355
0.43812325850001501801574577527053 0.78201977194059082671336996367297
0.43193371105644655044475034948268 0.73944190392004922908834163197073
0.42566875689499413867143855285504 0.69903574565342525124585881489678
0.41934776478239005211743666073431 0.66072094973817598897635476496579
0.41298813221930838648463389733112 0.62441394162274176962862256963261
0.4066054451383176858625684259114 0.59002945798838737867034055139992
0.40021363073082065670270202921601 0.5574817792125411305652457277275
0.39382510208335543232289789973629 0.52668570411958215867645035694321
0.38745089385725263110209755717864 0.49755730940107920653076190853014
0.38110078865962589152381546952531 0.47001453047561515199679520084559
0.37478343406030704708109334181529 0.44397759535669987399764111289149
0.36850645043124092262594279958105 0.41936933839247211057399075800539
0.362276529932774729910869141960141 0.39611541653709322599148765721112
0.356099527078004552817350269375503 0.37414444717072811532664095474688
0.349980541363231212492162700338853 0.35338808329720998825031467640224
0.343923992487974835704318604473631 0.33378103924335419528388393670531
0.337933688698408820092225903425512 0.31526107767357169010840320001759
0.332012888782331364443480820673577 0.29776896678185370502318177928657
0.326164358231072823879307631062678 0.28124841489640630465706948466669
0.320390420058215919337284193976979 0.2656459883592650039725974508436
0.314693000741083342624023916419196 0.25091101741882757473323085560666
0.309073671719186890108768186335872 0.23699549392967304923531200418577
0.303533686853879446706593016073571 0.22385396388397755254457886962211
0.298074016223534247522297467685119 0.21144341716680274865494710196824
0.292695376597224839711922287283767 0.19972317640613709649381718448115
0.287398258902214590177438685829116 0.18865478636928569778576398857738
0.282182952972525028003413700176348 0.17820190501314094929408108737535
0.277049569840403339979359154253635 0.16833019701972079285667364513649
0.271998061809180449229364083052227 0.15900723042682616648632697431982
0.267028240522909585130943345327587 0.15020237678361375843755203837342
0.26213979322890142176513134599234 0.14188671512115105068372064690324
0.257332297409666292901263479363921 0.13403293991421073612276946344134
0.252605233945201995758139861149771 0.12661527312508640179365148519553
0.247957998949102411390844053632176 0.119609380348618332209544167396125
0.243389914409904932467881663072724 0.11299229102849813934315355148429
0.238900237754900586338185802049877 0.106742322672897755191924749554746
0.234488170443176752955174812694982 0.100839008969687977255668522210484
0.230152865682641560109018120936454 0.095263031678090217300552216790685
0.225893435358913583647025848923199 0.089996156162362600587489707905354
0.221708956252468481576059256577565 0.085021170419518014373653236709203
0.217598475614896814796606958009372 0.080321827450459320740390039355687
0.213561016167521779841533108459367 0.075882790820541377838643029842373
0.209595580579140244638282124207735 0.071689583255341499523063108410623
0.20570115547429682336943122645373 0.067728538119641507442367882880872
0.201876715018419490327658456937357 0.063986753630840680083849189249998
0.198121224121766005960675665006192 0.060452049662426057992124756107022
0.194433641299043696106388745740439 0.057112926997175631688118688933788
0.190812921219774108852972400423496 0.053958528897032607504605995975391
0.187258016978839584944313023721958 0.050978604860131072021309525509366
0.183767882115748242385082189789243 0.04816347644328998541401218811131
0.180341472406642076830840151028153 0.04550400503260229896291103787911
0.176977747452150998963265903557647 0.042991561451937198738790646489636
0.173675672080920984769667819226641 0.040617997304024511833216657714127
0.170434217587502408502267004023499 0.038375617945074412354867581760533
0.167252362820113789627054155592116 0.036257156998317300694793885993204
0.164129095135191196744096378009248 0.0342557523191584854095561335497
0.161063411228969815037324610453834 0.032364923326087491786603126369738
0.158054317861696394422774968134464 0.030578549620740121164184179335322
0.155100832482819113079430605478662 0.028890850820994189612559753822914
0.152201983768234449449012589523318 0.027296367537809740451907335287428
0.149356812078026451337676567198312 0.02578994342951061551498632823136
0.146564369843606185159444692058179 0.02436670827181072909433444685373
0.143823721890113859539379538654598 0.023022061984306282996224035022692
0.14113394570166735282068507105965 0.021751659558928342573235517688042
0.138494131634988157904264165619688 0.020551396838298003072439796093834
0.135903383087624621662598118054978 0.019417397095573292381928268653538
0.133360816624015574897009225450649 0.018345998369114996420965531206501
0.130865562064801436106355841554495 0.017333741509252025726095223757991
0.128416762543638434922105496400868 0.016377358896546148831117187577955
0.12601357453350713740846939722875 0.015473763792613652062079729620689
0.123655167848050628445606598197542 0.014620040288364487279629826456215
0.121340725619273628109963466545445 0.013813433815034148699148818457036
0.119069444254431990952856445084188 0.01305134218612790685172934688762
0.11684053337246602526192500150889 0.012331307139528897816617228895377
0.114653215729623165029265494555689 0.0116510063538648815822131079141058
0.112506727123977622543150244093497 0.0110082459083680712229594334576785
0.110400316294365710366144023543251 0.0104009531654967746789070241598796
0.10833324480163241965958843206901 0.0098271700483237292810676408013985
0.106304786905174514428598995729365 0.0092850466938689679154747820501221
0.10431422942867826831677474508054 0.0087728354590805319488998557861854
0.102360871621084241336316537048979 0.0082888852609612779979992882236168
0.100444025007920931472217005012609 0.007831636230576533936569365050305
0.098563013240346364437269916688581 0.0073996146649522441226621381167494
0.096717171939973936689776601380937 0.0069914282594288835433422402001983
0.094905848537439197743793020588294 0.0066057616041817070362065753830951
0.093128402108712612823154726015606 0.0062413719309167439935665232806156
0.091384203214439854001903906199384 0.0058970850966315607631550156949294
0.089672633724830220229642204710412 0.0055717917876260798620680374901185
0.087993086661693505606447529069037 0.0052644439375556472598678520453433
0.086344966022954143148716031537668 0.0049740513408192156017418735696845
0.084727686613091765705863798520021 0.0046996784548552072227823466393433
0.083140673874010780117197876224316 0.0044404413796514028700930280661836
0.081583363717620757561480457179437 0.0041955050047376624312278957343955
0.080055202357622211239901982236554 0.0039640803138855984305594962187989
0.078555646133826059916650850128579 0.003745421837801497050578071179967
0.077084161351627952805514496941418 0.0035388252499161222087845433762555
0.075640224115716121542454701156622 0.003343625094105005872680428645096
0.074223320158428456755023552582282 0.0031591926372493516794533155782261
0.072832944683213434673884718389485 0.0029849338423800785078593352256676
0.071468602200922723086431158804331 0.002820287452705773000694410429255
0.070129806363474870689555122838445 0.0026647231811069660272616294862045
0.068816079814425658419562451483574 0.0025177400014812126004988918379183
0.067526954023397207645761206519582 0.0023788645324421740505911704567209
0.06626196913145891042883107045082 0.0022476495114128387409757615856729
0.065020673815767469990610541259418 0.0021236723547114382728262591221972
0.063802625103388792740480624160697 0.0020065337919066169314065654429426
0.062607388257053178770420252937157 0.0018958565825284018584321849093136
0.06143453661403542907962926830971 0.0017912842988268818399709660345371
0.060283651430901750750976660423583 0.0016924801762949207032336805128878
0.059154321751205122747195524134744 0.0015991260295043399765690671645712
0.058046144288096700219808124976487 0.0015109212286552910416270185886447
0.056958723225887900608764939611936 0.0014275817260756899962379606714505
0.05589167015223089449279718249743 0.0013488391465445196658744897042148
0.054844603871499524920608208040087 0.0012744399185437820511828166564269
0.053817150305693642786528733867159 0.00120414445983678966903855747627
0.052808942342870681631115004909914 0.00113772640408763944449249439314687
0.051819619726523222580738709149404 0.00107497187282884652376124984425871
0.050848828920042158332323371896431 0.00101567878580775995151950172989743
0.049896222991268459661927417889311 0.00095965621053892436815215487314382
0.048961461448852264954045819888689 0.00090672374488162484735027927548407
0.048044210216472086112225756456318 0.00085671094135235032510786456189886
0.047144141443614866427424437371015 0.00080945675382255703821988306317696
0.046260933359860958618957991221591 0.00076480901745981770678176348129979
0.045394270279611820990275907971946 0.00072262396470037190878813977107311
0.044543842319312536087110391257512 0.00068276575365062728095739901888833
0.04370934551862314671032032011748 0.00064510604166796729969786576500833
0.042890481488086781751373671243996 0.00060952356044242845654059078646723
0.042086957459527431058674826549051 0.00057590373278912282760628390061132
0.041298486156762746010193297267604 0.00054413830228362069762268219623143
0.040524785651695053329598207296924 0.00051412498289322424929142260044839