1.10192342267957861279268255222455 125.381476136596009659880384108419
1.01327229854418326557411652407969 96.792460687035026126832794690041
0.93309167477506666867994982824799 74.956024179798331572327375303755
0.86056885810249519808715360249112 58.234639243571690474361286636088
0.794972571770649766017388092558225 45.396482061364746837932369059912
0.735648634230622736027045182578696 35.513719132507345810930494398346
0.68201713650682362699038908217909 27.886505550885889014122210966646
0.63357096204760979039350996869176 21.9861314375028632516650031785809
0.589875305048510661928143928029565 17.4124372289174590034870667469701
0.550567575741000349670089471321476 13.8618726649259438655315428524815
0.515356747304772129279538962752299 11.1035093565988395863793021222083
0.484020854692657619260362893299581 8.9610139459373982251961444191182
0.456401125592796652497742441514199 7.2991070029748638186884632595833
0.432391315599538326893505468145531 6.0134144585731565491780638774514
0.411921483748632883722322597002705 5.0228947893535722248016849320338
0.394936829169934503299176824282658 4.2642209814116056561361905935422
0.381374117042627563052265288554257 3.6876332543017494800969613725666
0.371139929931315347244184312339564 3.2538772791817503943166163276997
0.364095436530434856941203567493856 2.9319215270392310845548411883175
0.360050889641864142629520532548324 2.6972188822260658176211388319472
0.358770072240137172192584122866842 2.5303453003656754417620031592304
0.359981886625899972558269022012202 2.4159078753485646833934694859661
0.363394741425395828145588805264061 2.3416597748578556635664830679361
0.368709804148266414085085015478587 2.2977872414299057169458310715644
0.375630858123373330788503403150891 2.2763467485289135617776703905701
0.383870327449324168421072376959853 2.2708340163434735834664960432077
0.39315226320101856214126374449305 2.2758662297961685388696259564054
0.403213546989999909475788557334134 2.2869577530310218371774320432042
0.413804464798299058186228017183739 2.3003692699538833575895054928184
0.42468942815229923942191515719026 2.3130108960295474784211716423366
0.435648197765263110428715875736398 2.322381339685311171107950522462
0.446477620655561481778732119082749 2.3265275295009685300010766479289
0.456993669894299414111400086003261 2.3240121314737896602961726014224
0.467033474826943647792600911716751 2.3138798448973656945571695545651
0.476457025373002264859757644114287 2.2956169683420631821359542457275
0.485148295828909689752038187162879 2.2691020914829289487443112175799
0.49301563060304532449264972604674 2.2345485420203329495347376796725
0.49999134004744617467858582730948 2.1924411581627984519066726343077
0.5060305492922477987993888704157 2.143470983365914502853711527341
0.51110941463752280272924854037475 2.0884716673867563313062747127528
0.51522286571004375647166969986036 2.0283608993014646707385752664953
0.51838204814787034007496039864259 1.9640893420628884494032226653161
0.52061163579268277724714541344834 1.8965985274535070401541970225442
0.52194715987775369359551293266929 1.8267882000039268830020793828041
0.52243247234026121209367848380594 1.7554927958752086870026522410892
0.52211742707346300059491750169225 1.6834661674601407590538241671813
0.52105583109253916410472450651181 1.6113733220452009720351881612291
0.51930369001297567125362990327993 1.5397878031042864193920927530807
0.51691775031109669781636517515445 1.4691933581284178442274582131551
0.51395432480890541804319666104272 1.3999886560137887646054102753073
0.51046837725971300863247805116432 1.33249399432763289011612128414
0.50651283592485874876229371670106 1.26695913601489492582769237157026
0.5021381036420562393363105802895 1.20357161125745781259990333002841
0.49739173208561216739372325909414 1.14246499751942906909658632079724
0.49231822985325966506922916150326 1.08372684158097831142830402342001
0.48695897697546387613358223418568 1.0274060092170061285773540091647
0.48135222190093399095728532377603 0.97351934235507208397669321203561
0.47553314057795038254844399763935 0.92205757316403808850932032159661
0.46953394068619542996505192515177 0.87299049368028442150013205333352
0.4633839972170929080748394327254 0.82627141232312750469526261751809
0.45711000837914959673484878171852 0.78184094881755532314767295695598
0.45073616319669070148298015592248 0.73963022992499503235949920317444
0.44428431417671068718470957711352 0.69956355262579232255251636399539
0.4377741500758815656418790939664 0.66156058116127395154012669713829
0.43122336513990715918378055418513 0.62553814119881238092758583576863
0.42464782225643726740309506300885 0.59141166953503505840992052583318
0.41806170830438124598764857691125 0.55909637204936206229828781235629
0.41147768062874123175401787326331 0.52850813661107755457763004851211
0.40490700406680624339828730350868 0.49956424175724946264823965321694
0.39835967831780562691800474346051 0.47218389638245238611096567987973
0.3918445557186499535588418317416 0.44628864058565008716967243404599
0.38536944967819930289156893074568 0.42180263323910973701098591134511
0.3789412341555758250553020238976 0.39865284781603705982307311635072
0.37256593464809155587604965073803 0.37676919448395811268885520180416
0.36624881120915684536106131995142 0.35608458346087837940307837712599
0.35999443403461377000135131845997 0.33653494202714060084121205642669
0.35380675216401996900737074187187 0.31805919540544355858051252859684
0.347689155832252690869284975992931 0.3005992198677306949540728419547
0.341644532989326729845330276161648 0.2840997748832176376865638532604
0.335675320480317901884569580711004 0.26850841982799539799556820498949
0.329783550350772276677267906941124 0.25377541971092877069200456832051
0.323970891710497140452267682909462 0.23985364348004145768543745081579
0.318238688559150995714300149071098 0.22669845774898610137325308967468
0.312587993944906896171015041474074 0.21426761818238126459663700713119
0.307019600798522571928222115854251 0.20252116029273324252534115736212
0.301534069755255900208889122018252 0.19142129100138707785571262071113
0.296131754251121487613657754308417 0.1809322819959892329068760044298
0.290812823153508118013807333768548 0.17102036565435130019003200036284
0.285577281163422472504666140613138 0.16165363409697452655827237096141
0.280424987204038192344253784448707 0.15280194176168481083090937080693
0.275355670990457427676253710881101 0.14443681176139399764961638849237
0.270368947957459985860209855481163 0.13653134618131700821564825943192
0.265464332704472921818695142375852 0.12906014038846378389031686715289
0.26064125110271345431093870834693 0.12199920136405740495309094904423
0.25589905119433508930096024603292 0.11532587001872918499885595643383
0.25123701300172714236816582380885 0.109018747414971485748776808021461
0.246654357353279782085030537125403 0.103057624793487388301653478901017
0.242150253821543142641338986781068 0.097423417280538744625166465494522
0.237723827860499614092826805497151 0.092098101140220006283556129651226
0.233374167219852049613717859665418 0.087064654426603807475720330800584
0.229100327707351310835551681052589 0.082307000886854763623408065163223
0.224901338362502612273126645580038 0.077809956963600663153704392985823
0.220776206098509798004066662125899 0.073559181745127517233061550350766
0.216723919865769671660885283871065 0.0695411297162941532493791066392
0.212743454381714876005291047701873 0.06574300616281165711974418318934
0.208833773470806496580065756621227 0.062152725089665586524017807699341
0.204993833052003415720629266245326 0.058758869516951127588738907749798
0.201222583807890744984340705417763 0.055550654022506727383372053122697
0.197518973566969096206331425822975 0.052517889406981923525227404554879
0.193881949427081826451206562861827 0.049650949362270920920171898472865
0.190310459644388948515337451939973 0.046940739029444731884332668337844
0.186803455312397199106011812055868 0.044378665340107623350113552282235
0.183359891849882555211407533320292 0.041956609037990677208971743477107
0.179978730317473676897460573781525 0.039666898285419604708287910006213
0.176658938579081681468563916131089 0.037502283763206129632147461667858
0.173399492324545839297434671737148 0.035455915178845712523421862972069
0.170199375964726143372806993540208 0.033521319100373471742290842267536
0.167057583415303928912972621256813 0.031692378041956084998212187860174
0.163973118776129882916812532255277 0.02996331072649336659629325228229
0.160944996919898204430753166015885 0.028328653459689983091151539048383
0.157972243997421006716781299102303 0.026783242550573102189259488438135
0.155053897868273122853931271390557 0.025322197718652461719239362075059
0.152189008463780416567913356065176 0.023940906430888934739054428155116
0.149376638090487241996626621553992 0.022635009115891777880892363530686
0.146615861678990778247672007805234 0.021400385204560461583976983491615
0.143905766983783406989097937054055 0.02023313995007493561226178843029
0.141245454739567201507150126934577 0.019129591983032472017102355450803
0.138634038778652844392361206856135 0.018086261559929238497142697400385
0.136070646112946167601058454200837 0.017099859465371816149114621909123
0.13355441698460269944274269323746 0.016167276531127906576884337220195
0.131084504888914357343674080167547 0.015285573737186230462048722021536
0.128660076572194345153323651854224 0.014451972861845504017300179051379
0.126280312005788911196172843229238 0.013663847649353968806623247494751
0.123944404344708784586530034211994 0.012918715467956734281430137197116
0.121651559861819605436793345950629 0.012214229427099296878112007449856
0.119400997874149909075030404101645 0.011548170932680105527307358694796
0.117191950649435985638808374983238 0.0109184426515100692401252681017375
0.115023663303579415882303228318951 0.0103230618648794832118332348660008
0.11289539368646365206760806508019 0.0097601541882749895652053461909061
0.110806412259908742399422473606889 0.0092279476374887895345113038468592
0.108756001966814483884304288754773 0.008724767021230426464343538489284
0.106743458090492634477718705777284 0.0082490286416307097353147140291069
0.104768088113875154188127574624168 0.0077992352876059377456145798245196
0.102829211571802048281548788597089 0.0073739715028981822595647797094076
0.100926159892261986130521715635097 0.0069718991126308526115237237312611
0.099058276245251010368481167038175 0.0065917529979308243197169505660997
0.097224915377910429048170718377366 0.0062323371001899415723001199087071
0.095425443460815204754719394428494 0.0058925206472089432918049369453119
0.093659237916416564825641747343613 0.0055712345831764808212718722923915
0.091925687255037259390436882406052 0.0052674681961222415508134391341987
0.090224190915180759466356519868974 0.0049802659310150463677934642355846
0.088554159091057700249706698096263 0.0047087243753146368428415224797622
0.086915012566686393375587136211136 0.0044519894108143248933690800223636
0.085306182552875325318625199897232 0.0042092535218044708407573539193863
0.083727110516484558466734964733272 0.0039797532493264827044790543328256
0.082177248019663514239358521866961 0.0037627667861264734148990116541741
0.080656056557758199338811281686135 0.0035576117027824066544546392448632
0.079163007377508242311276889232574 0.003363642795502132774263484289945
0.077697581346774970171475317930719 0.0031802500581817155274204647028423
0.0762592687589356939099814876992 0.0030068567567755753368567457267879
0.0748475692041921958239747225677 0.0028429176170828751429204637011428
0.073461991381806334713473725821849 0.0026879171043136095832272733718263
0.072102052975158610626432016098722 0.0025413678036889369315368164456356
0.070767280471781684807293482824078 0.0024028088831653665923787490603214
0.069457209013522730188907522248259 0.0022718046433585264620726113396899
0.06817138226834697495869964886327 0.0021479431484795281581537704340555
0.066909352257314756298455502209654 0.0020308349274198795116945458749024
0.065670679216878464588618553579706 0.0019201117490691935728816907337736
0.064454931441267645877916487413667 0.0018154254625064881669781960971972
0.063261685170498211867216111492696 0.0017164469042375235702346195375517
0.062090524430126747438079199098473 0.0016228648607138136990349679879167
0.060941040863454163851744971966867 0.0015343850870236535837588894399527
0.059812833663260200066919223381028 0.0014507293865972844877715606025679
0.058705509363154758429085495917597 0.0013716347303044642259456033151265
0.057618681771883314560460948142919 0.0012968524340259670408336329264089
0.056551971794830829442626054371856 0.0012261473728584806331341701447501
0.055505007288671561556394043744017 0.0011592972406833841085213656520802
0.054477423045454973067259504770146 0.00109609185798866680105129273360328
0.0534688605144510814705036460867 0.00103633250096288803883992959182276
0.052478967795047884243748800358252 0.00097983128378989825052534759555678
0.051507399508994265590317611155129 0.00092641056690848246937968330509467
0.050553816561586664028750927253387 0.00087590239176551448614142754210872
0.049617886230529722596783634033957 0.00082814796376627688598544394019189
0.048699281810489444932725509299542 0.00078299714015398743180006610062798
0.047797682712977349587353874756201 0.00074030796887648721202061329617576
0.046912774315398079429072774146424 0.00069994623959600901049808367393547
0.046044247643976293806558687531423 0.00066178505228546562207577025783363
0.045191799576891080254035044690106 0.00062570443239400984526944582025006
0.044355132583748971042055399454336 0.00059159094617191623698248127358479