1.39966815935714901869893574238484 261.642655351664572970470269515742
1.2809580350558041255560590570264 199.63839321969742536801782520724
1.1736338264723556272116462306454 152.716216901766895771716121609474
1.07661434924228861231104273109231 117.140049333005710243762892627101
0.98894263915762890266889995534267 90.115433199324473754725072007923
0.90977581674681921725232730027748 69.54814383842585830339695344916
0.83837553722369538150583974437839 53.865919083576111570971411078587
0.774099844305259903476977617422283 41.886206457082310583708744712236
0.716390522262494270349219795854659 32.716947382572975645138163229549
0.664750989487870280801900685762323 25.6822576007094485640482450813273
0.618721364875183069662012390565974 20.2682276845206958771150187022745
0.585324939772305362978803289345852 16.7153868453445651580384131515733
0.570683936886082432897915086547886 15.0020659100454198882520908675794
0.568849475131463582622259386785187 14.2864696836498398410641794080443
0.576804723973501428207872067512907 14.203730342986167549281526451684
0.593041887528620160419422979399613 14.5851035245801115608422329773056
0.616945415951619037178506495152587 15.3567481807661639134480078911515
0.64844456556692468726561642512914 16.4937457947404818646253406567185
0.687832295687359215118214704548966 18.0009466773571214475626887839339
0.73565787979212995014109080641331 19.9071659343580547124952218722828
0.79264066119947690488516614782879 22.261023155837752147053326486015
0.8595910588846009422722708219981 25.120758892777997185189029522614
0.9372128862030485462043135818023 28.537212161341492149876716141835
1.02582283621599781086617950409956 32.537129496895536208319682339917
1.12520029416900803210420367917041 37.105919683727620629725453247693
1.23440035616849015295337151470527 42.154202322806784682440652682372
1.3514315297867852923630598227475 47.477389209149440404550192597943
1.47310562692467567566271468102472 52.751344482134400043822624308359
1.59553285320170434508874354514633 57.588018530406065212021283285667
1.71463937701794254848673623610743 61.599309145766388294159471167509
1.82632192370935062368050203333009 64.452188282330421910273015259837
1.92683595302686914832016403947269 65.922643476410897892733874820853
2.01303534817407960348899423853052 65.930177413512283381194900525387
2.08277269599435566802244244160394 64.538997137245462360187240882597
2.13480788738166563500013717264407 61.921076185622856010683852834745
2.16877540305113738169121450179047 58.340022629951083254585314676525
2.18524597571322287966263528523574 54.089127388865066540544572973237
2.18537969703170394698368298064099 49.447768920993124136453229468131
2.17074792218398358076344174455272 44.661397307690331632783683547827
2.14319902909781326035264965293185 39.929966826164959565665708177027
2.10468428516506152428259514757935 35.398628764995915574526912141774
2.05702556912172482543890467238693 31.1565048019895312481482958971
2.00201630955160516095914377211535 27.260718014406180684203718435401
1.94143480496571579031504330437414 23.742321549091107099586465181673
1.87679528988253795856432803361973 20.602027862404347598105082988294
1.80927195011100920921742752441458 17.819979009297603933950486298325
1.73988219558780568999728665750532 15.370764790027291615722771594808
1.66961809062497196344974560017107 13.229182046383689111579753588934
1.59937492727686204888338457297614 11.368226093876623915762428750997
1.52980930413798232825158897112641 9.757400404802387318722318190377
1.46129195609365607920296260101901 8.3645442472141717480194533088479
1.39398245573900743362904203418689 7.1592322894475205739426546853465
1.32795027187130230160460230469312 6.1151618091019752991492867369112
1.26326890439673264210177493894981 5.2107292712596130245943377007332
1.20005691326908185297796277216033 4.4283517234652295932230625475292
1.13847668726375249689467911263397 3.7533807192021157382841897212294
1.07871212213749261712292539152191 3.1731487184555339302408526761925
1.02094283333679727418270537578311 2.676340887640262529937163648837
0.96532344266070155565353044119301 2.2526608567344117464665770026497
0.91197175223808014823944589242537 1.8926992299988217855588586416955
0.86096429404017916545431880339506 1.5878993540575021300998926615396
0.81233765973594475690522700962735 1.3305567865936364965603018734081
0.76609298164329746430170264666897 1.1138129691179905088128426552531
0.72220213290027265780598992988102 0.9316310899097336615528050399241
0.68061409958476995201528963394683 0.77875111663731250679605262647304
0.64126068626174713076336685231593 0.65062882845204771429841557503604
0.60406179445144408385546893790271 0.54336731803709577301033527659545
0.5689296258977031827272437605538 0.45364444405624923986099071689642
0.53577188600893550434565093981764 0.37864119017632149208992456222723
0.50449461988997239148839587676235 0.31597506522200303118649207986271
0.47500424351569810083042854661603 0.26363860382475731167974701585701
0.44720743739663519594140260208577 0.21994193591775727849171466130292
0.42101403699907377415050879136398 0.18346806710474899443919840029173
0.39633763163847419268647490505347 0.15303016308250804508473603350828
0.37309300942111639358595725837152 0.12763198789425327822374982266633
0.35120150138063599711483773341876 0.10644321517074756078590409638072
0.33058578799592074651034853238059 0.08876733569357434203447795699279
0.31117228824022854804424792657493 0.074022565639716910968582177419881
0.29289552124299080545572228214583 0.061725930697053156431100839674161
0.27568683662662014746428296956466 0.051469689643366524265998770966764
0.25948461441924608471877140935225 0.042915792367514402827354372104331
0.244231170191778755040747863174724 0.035782307320164233296563626783395
0.229875557412175354762850401463815 0.029835232833990417256751029175577
0.216359894135158858117913474777821 0.024875390228623536696747087785656
0.203636342222000341452712249723279 0.020739399545155551707940215668613
0.191658970470946992996491452269614 0.017290604908593362531595791031128
0.18038441374626372005982096256776 0.014414964753368711584051037170729
0.169772359810882767558125883078383 0.012017454290807036638377079640161
0.159788074578288321107694785079471 0.010019372245414136279190536883059
0.150388451581799041286346146997055 0.008353097298033715842698146514054
0.141540458216790184928339252331201 0.0069637495166566399813929476523405
0.133211985829103468808741198914546 0.0058053583548305246832289643427174
0.125372672493571774484697779912345 0.004839560935290184536112360771587
0.117993887056411996378563632399243 0.0040343572859084327409808908956594
0.111048650754354913880584748022635 0.003363058980120994307105347438477
0.10451154944339792541395814066195 0.0028034092356790859286515692493861
0.098358646611774435623103768122131 0.0023368480276871747104782277554156
0.092567399766480658909648936572242 0.0019478987303354844574283835111262
0.087116580877551931989319681945553 0.0016236563370040023644071540917537
0.081986200986971529492462697520152 0.0013533605023688051072991864104199
0.077157438895334354165891092071194 0.0011280393845538122707160130539521