70.8465496894549 3.463790350981256e7
64.12131429251093 2.568040371134467e7
58.036073320900094 1.904090486424374e7
52.52992363415761 1.4119278746083722e7
47.547757831273834 1.0470820706142383e7
43.03971271712438 7.765988222466604e6
38.96067025465181 5.760570592031415e6
35.269806008137735 4.273586901110296e6
31.93018055822396 3.1709098250993746e6
28.908369799415965 2.3531317009008056e6
26.174130419952707 1.7465737400114026e6
23.70009721603145 1.2966240551003455e6
21.461509210985167 962801.1740738488
19.4359618383013 715096.0396017794
17.6031827082114 531261.3082724126
15.944828713616806 394802.5692836499
14.444302444673456 293489.6747605279
13.086586074600639 218253.47390896737
11.858091054127554 162368.13968120673
10.746522110196556 120845.13170858011
9.740754187692797 89983.99574521671
8.830721102492245 67039.39344812259
8.007314791316498 49974.27290817735
7.262294149921184 37276.88263952572
6.588202547090995 27825.105563735837
5.9782931887291495 20785.86782940848
5.426461584881859 15540.547528764844
4.9271844436218135 11629.657564721112
4.475464380044122 8711.817765736738
4.066779886856502 6533.32141991124
3.6970400657696545 4905.557458565453
3.3625436666587447 3688.2580704526467
3.0599420247791143 2777.066668651835
2.7862055256483758 2094.3103573066505
2.5385932629970576 1582.1495469401887
2.3146255878656796 1197.4912224355844
2.1120592769080284 908.2109006313985
1.9288650756949952 690.3458444004765
1.763207398837216 526.009238698539
1.6134259937444704 401.83964549686505
1.4780193995668027 307.8479669389452
1.3556300576646212 236.55967900241214
1.2450309538794213 182.37645293330084
1.1451136928713617 141.10083177507823
1.0548779160126622 109.5821334706745
0.9734219721342078 85.4525142640513
0.8999347331780617 66.93011321330256
0.833688417428136 52.672127335411616
0.7740322477010295 41.665068741029664
0.7203867368271287 33.14272424025362
0.6722383611963012 26.524766611068795
0.6291343559429059 21.370771769536088
0.5906773452674725 17.345738136032015
0.556519518776711 14.19420258916715
0.526356100185159 11.720789671996421
0.4999179547243918 9.775582420502378
0.4769633651529713 8.243112737630884
0.45726926564906795 7.034072760682058
0.4406225077759551 6.079073376735934
0.42681195171464514 5.323942631612111
0.4156222263830335 4.726181019944264
0.40682982274617646 4.252284319528308
0.4002018030283359 3.8757161538939324
0.39549694469914454 3.5753674656584864
0.39246875140668896 3.334382160209341
0.3908695716940297 3.13925974807429
0.3904550937294613 2.9791688165889822
0.3909886645944812 2.8454214549514014
0.3922451122008499 2.731070161254753
0.39401394075455404 2.6305969099000537
0.39610188725104895 2.539670240029808
0.3983348704863538 2.45495130648316
0.4005593626934041 2.3739342850721155
0.4026431975371789 2.294810509000948
0.4044758181923721 2.2163492071267235
0.4059679745617297 2.1377906109470133
0.4070508982719403 2.058749397072734
0.40767501121631894 1.9791279008928118
0.4078082500732549 1.8990393249883621
0.4074341089521069 1.8187413963422692
0.4065495115346838 1.7385807669378028
0.4051626221885743 1.658948077825794
0.4032906941956631 1.580243168880856
0.40095803540881464 1.502849525415083
0.39819415060411717 1.427116772080772
0.39503209846742743 1.353349876287356
0.3915070817411793 1.2818036997569062
0.38765527291245633 1.2126816123367234
0.38351286552537533 1.1461370245696034
0.379115332731486 1.0822768736448953
0.37449686963930745 1.0211662855620043
0.36968999376945744 0.9628338161709608
0.3647252777841924 0.9072768337831072
0.35963118999448024 0.8544667406968383
0.35443402039999566 0.804353838997821
0.3491578727473959 0.7568717289176847
0.34382470597393044 0.7119411889798438
0.33845441121276676 0.6694735298768094
0.33306491313290437 0.6293734422897306
0.32767228669392184 0.5915413761276795
0.322290882384013 0.5558754978778764
0.3169334546799204 0.5222732763126174
0.31161128983996356 0.4906327465618137
0.30633433024740825 0.46085349993630725
0.3011112933964232 0.4328374428974011
0.2959497842927088 0.4064893639279662
0.29085640055929285 0.3817173422515459
0.2858368299254732 0.3584330276767693
0.2808959400596832 0.33655181649712806
0.2760378609076598 0.3159929444473019
0.27126605983414237 0.29667951424297123
0.26658340995453844 0.2785384722104961
0.2619922520946987 0.261500545921917
0.25749445084168876 0.24550015255245095
0.2530914451537322 0.23047528582953655
0.2487842939891717 0.21636738790105295
0.24457371739659128 0.20312121117283183
0.24046013348475573 0.19068467411404075
0.23644369166388943 0.1790087141672645
0.23252430252111064 0.16804714019828842
0.22870166466373856 0.1577564863515753
0.2249752888354164 0.14809586871788888
0.22134451958260543 0.139026845852379
0.21780855472281346 0.13051328388677147
0.21436646284157626 0.12252122674573754
0.21101719902270233 0.11501877179336147
0.20775961899548923 0.10797595109119273
0.2045924918637347 0.10136461833758084
0.2015145115641319 0.09515834147205304
0.19852430718612288 0.08933230086364122
0.1956204522711795 0.08386319295364582
0.19280147319687824 0.07872913918839622
0.19006585673981105 0.07390960005310002
0.18741205690123053 0.06938529400167846
0.18483850107023325 0.06513812106772358
0.18234359559110708 0.061151090936895657
0.1799257307944539 0.05740825526059644
0.17758328554496278 0.05389464399235083
0.17531463135326658 0.05059620553308832
0.1731181360939524 0.04749975047698262
0.17099216736747777 0.0445928987568603
0.1689350955394988 0.04186402999565959
0.16694529648778644 0.03930223687904546
0.16502115408353588 0.03689728137253457
0.16316106243096068 0.03463955361501298
0.1613634278870354 0.0325200333296978
0.15962667088029536 0.030530253601113697
0.15794922754633214 0.028662266875760983
0.15632955119548608 0.026908613051620213
0.15476611362658774 0.0252622895292305
0.15325740629976653 0.023716723105013365
0.1518019413793525 0.02226574359368839
0.15039825265750928 0.020903559074058498
0.14904489636786342 0.01962473265833123
0.1477404518976494 0.01842416069126973
0.14648352240610293 0.01729705229111735
0.1452727353563107 0.016238910149733894
0.14410674296692966 0.015245512514248069
0.14298422258947258 0.014312896277154919
0.14190387701727583 0.013437341107025626
0.1408644347303195 0.012615354554916275
0.13986465008110346 0.011843658076740227
0.13890330342607382 0.011119173915228252
0.13797920120573526 0.010439012787805072
0.13709117597814835 0.009800462331420682
0.1362380864083037 0.00920097625695802
0.1354188172179972 0.00863816417045664
0.13463227909710818 0.008109782018593121
0.13387740858149422 0.007613723121582792
0.1331531678982449 0.007148009756035111
0.13245854478175587 0.006710785254544817
0.13179255226292405 0.00630030659016916
0.1311542284332782 0.005914937415706763
0.13054263618651418 0.005553141530035291
0.12995686293897382 0.005213476744989742
0.12939602033175293 0.00489458912863258
0.12885924391496634 0.004595207601079063
0.1283456928169535 0.004314138861850679
0.12785454939953128 0.00405026262812661
0.12738501890046194 0.003802527164635584
0.12693632906510444 0.0035699450875830564
0.12650772976847968 0.0033515894257364802
0.12609849262860795 0.0031465899226871645
0.12570791061250366 0.0029541295655972537
0.1253352976361674 0.0027734413266471887
0.12497998815925662 0.002603805103958434
0.12464133677608513 0.0024445448500714337
0.12431871780241925 0.002295025875797339
0.1240115248610261 0.00215465231965432
0.12371917046505423 0.0020228647719417203
0.12344108560068626 0.0018991380442816622
0.12317671930986371 0.0017829790757486925
0.12292553827388211 0.0016739249672718056
0.12268702639791562 0.0015715411362068861
0.12246068439726587 0.0014754195838109453
0.12224602938615745 0.001385177268820348
0.12204259446935964 0.0013004545805425122
0.12184992833836343 0.0012209139058868927
0.12166759486863923 0.0011462382829955063
0.12149517272288457 0.0010761301379930794
0.1213322549597308 0.001010310099415191
0.12117844864486428 0.0009485158842190983
0.12103337446845143 0.0008905012524069318
0.1208966663694695 0.0008360350262040824
0.12076797116209084 0.0007849001678470415
0.12064694817186739 0.0007368929153163656
0.12053326887445132 0.000691821969590593
0.12042661654482728 0.0006495077332879248
0.12032668590813574 0.0006097815940606741
0.12023318279849637 0.000572485252376598
0.1201458238271244 0.0005374700914840862
0.1200643360555529 0.0005045965853620134
0.11998845667154473 0.0004737337412669861
0.11991793267890936 0.0004447585791571393
0.1198525205890836 0.0004175556410208383
0.1197919861203317 0.0003920165304774084
0.11973610390645002 0.00036803948163958446
0.11968465720870786 0.0003455289528957484
0.11963743763558661 0.0003243952458573757
0.11959424487416305 0.000304554149789861
0.11955488641748734 0.0002859266030648007
0.119519177311288 0.00026843838083865957
0.11948693989860693 0.0002520197980648561
0.11945800357330763 0.000236605431550282
0.11943220454216483 0.00022213386008581811
0.11940938558990141 0.00020854741866506776
0.11938939585461597 0.0001957919699019676
0.11937209060562304 0.00018381668730072288
0.1193573310296947 0.00017257385290814234
0.11934498402360894 0.0001620186676419065
0.11933492199225067 0.00015210907322171197
0.11932702265020405 0.0001428055825279141
0.11932116883368943 0.0001340711244135513
0.11931724831440996 0.00012587089426778982
0.11931515362160339 0.00011817221733353869
0.1193147818672014 0.00011094441752530524
0.11931603457787245 0.00010415869306168653
0.11931881753163683 0.00009778800650499476
0.11932304060048958 0.00009180697192678503
0.11932861759647193 0.00008619175728230012
0.1193354661244538 0.00008091998758254674
0.11934350743873995 0.00007597065629238532
0.11935266630190093 0.00007132404284743916
0.11936287085544414 0.00006696163132306313
0.11937405248622966 0.00006286603899381304
0.11938614569901557 0.00005902094725251608
0.1193990880071257 0.000055411032916702874
0.11941281979517478 0.00005202191333831415
0.11942728422423395 0.00004884008356871721
0.11944242711417029 0.000045852865084691924
0.11945819684138101 0.00004304835453066177
0.11947454423700744 0.00004041537641692425
0.11949142247754607 0.0000379434402316947
0.11950878701191088 0.00003562269522623243
0.11952659543791623 0.00003344389568211055
0.11954480746138943 0.00003139835796224888
0.11956338475822588 0.000029477932479593774
0.11958229094111517 0.000027674965661414092
0.11960149143498486 0.000025982274212370542
0.11962095343247287 0.000024393113233252095
0.11964064578808568 0.000022901152046275096
0.11966053903661007 0.000021500442328196946
0.11968060516736487 0.00002018540603724228
0.11970081774531174 0.000018950800030653402
0.11972115166841124 0.000017791707112541002
0.11974158323019929 0.00001670350840831767
0.11976209001149782 0.000015681868118934212
0.11978265086681829 0.000014722714142342225
0.11980324580397791 0.000013822225122253685
0.11982385599026608 0.00001297681240441476
0.11984446361263293 0.00001218310939765438
0.11986505204434184 0.000011437949853146265
0.11988560548164857 0.000010738367359478432
0.11990610916413644 0.000010081573510307079
0.1199265491961258 9.464951745439695e-6
0.11994691254487028 8.886045476901902e-6
0.1199671870642116 8.342546672178455e-6
0.11998736144396942 7.832287450597078e-6
0.12000742482100304 7.353239929145758e-6
0.12002736746944251 6.903490205469739e-6
0.12004717988456946 6.481251747505452e-6
0.12006685379071243 6.084835118564651e-6
0.12008638077334124 5.712669294610947e-6
0.12010575381246176 5.363263971448279e-6
0.1201249659594754 5.035229180537196e-6
0.12014401099263235 4.72725663315467e-6
0.12016288284742163 4.4381234759777586e-6
0.12018157651154186 4.166672997727192e-6
0.12020008698494829 3.911825863727656e-6
0.12021840991834869 3.6725657249140955e-6
0.12023654116014232 3.4479411320630605e-6
0.12025447765822521 3.2370504783999855e-6
0.12027221520917634 3.0390647873841207e-6
0.12028975172545062 2.853186073764554e-6
0.12030708445639304 2.6786761365647513e-6
0.1203242111921212 2.5148395470962365e-6
0.12034112992810676 2.361024274972858e-6
0.12035783901779303 2.2166174527682948e-6
0.12037433765249503 2.0810391355795148e-6
0.12039062346403702 1.953759279461748e-6
0.1204066969070021 1.8342602349301033e-6
0.12042255650400126 1.7220722214142225e-6
0.12043820299423891 1.6167402586053353e-6
0.12045363358181292 1.517861571962754e-6
0.12046885112307025 1.4250233831126305e-6
0.12048385547861533 1.337858449198544e-6
0.12049864505598004 1.2560304931209424e-6
0.12051322092743408 1.1792095639953043e-6
0.1205275850497646 1.10708270917259e-6
0.12054173607805262 1.0393730292407044e-6
0.12055567600015821 9.758050376632526e-7
0.12056940683869946 9.161211107697168e-7
0.12058293048385704 8.600809158764975e-7
0.12059624309273685 8.074817090419752e-7
0.12060935093680959 7.580938335451323e-7
0.12062225383014859 7.117269737694451e-7
0.12063495452290986 6.681921864672855e-7
0.1206474532994199 6.273207215721575e-7
0.12065975083235177 5.889526605883695e-7
0.12067184994568075 5.529314409341412e-7
0.12068375507364613 5.191061806710656e-7
0.12069546047428856 4.873632197260266e-7
0.12070697560690258 4.575550850641664e-7
0.12071829662064099 4.295779263455705e-7
0.12072943573090276 4.032956033255598e-7
0.12074038173806104 3.786347745256074e-7
0.12075114810021917 3.554712887234714e-7
0.12076172958691034 3.3372907123423614e-7
0.12077213084172778 3.1331603128200295e-7
0.12078234879455658 2.941604744361315e-7
0.12079239841115305 2.7616243565125817e-7
0.1213061319425267 0