1.5524016055583167 357.4233084627741333437434013374
1.3139261540663152 215.02781069757516286533080823197
1.1193327307111811 131.5506761198859573116853479296
0.960799299590102 82.0484140955248189086423488116
0.8319433421508972 52.31362897099932882441204298644
0.7275546619850171 34.19694747618083016827739602049
0.6433663444482666 22.985530369103816569649032583539
0.5758535522795906 15.928054935394029463997670838511
0.5220558957266687 11.400909976571707548421420667251
0.4794275505341081 8.434409151476798097888805335552
0.4457264012366241 6.442024962761334170601497079108
0.41895482300418513 5.064617587653317412490301752263
0.3973573924224956 4.080048269532852539854587519854
0.379457970860074 3.350072957942461695428342752829
0.3640974590968845 2.788553933859499857726574374957
0.35044319525024203 2.341957005918637594792252253546
0.33796064593006014 1.9770790763682672164141181602921
0.3263489289273757 1.6732019712799952434668502946916
0.3154528319250294 1.417089958220476204463413638144
0.30517614336954635 1.1998763468077349987725078622808
0.2954229210188149 1.015205257655724100077035832504
0.2860788783460625 0.8581797104465283034822264004868
0.27702388417827406 0.7247985741430812658819225234329
0.2681548631107431 0.6116691474698914220728131614219
0.2594020337809382 0.5158627844727484284542165350382
0.2507326251812182 0.4348381231335907279614622030545
0.24214490976213407 0.3663929956788334657612481508803
0.2336581082583112 0.3086271396276247965527171917215
0.22530248176993375 0.2599087280129363138988328847494
0.2171116850235115 0.218842732945011408464411380813
0.20911778112990848 0.18424105660294495141322625434204
0.20134849446193573 0.15509486421735449594675749318478
0.19382604898997385 0.13054950100063551232622473857758
0.18656699942738159 0.10988217233799821396292329829015
0.17958261399093353 0.09248237429537761057682097810278
0.17287951657575087 0.07783492645416561311903204398921
0.16646041131695577 0.06550538193049152915808876218742
0.1603247913135556 0.05512755644136884964537187863043
0.15446958304791786 0.04639291438644778215126073400176
0.1488897074665181 0.03904156307760200363302010057454
0.14357855497362007 0.03285462809294472488478888620417
0.13852837984048 0.0276478079341637744373224695189
0.1337306231083989 0.02326593159797076569305495631016
0.12917617405742707 0.019578366649525634894237932201628
0.12485557997608057 0.01647514711980182176234372092017
0.12075921302097233 0.01386370977490343394596174149835
0.11687740179644632 0.011666144048304913515882392688282
0.11320053412090675 0.009816875357947949009483377305694
0.1097191363759761 0.008260713882022408388276146616434
0.1064239338967822 0.00695121139101685767383413846254
0.1033058960619553 0.005849277670329144195564050589534
0.10035626907346092 0.004922015640580568807148190554189
0.09756659886293653 0.004141740689276054075318431268941
0.09492874610677511 0.00348515514144811627393323922551
0.09243489496117618 0.002932653368440665439253643646214
0.09007755682528922 0.002467736891443150377197497217401
0.08784957019399356 0.002076522090031808553612128390592
0.08574409746211929 0.0017473258693459741690359828711313
0.08375461937753126 0.0014703169514575202939205869023191
0.08187492770868585 0.00123722240507624437266424635505
0.08009911658369476 0.0010410806691115785154517968461537
0.07842157286968654 0.0008760337082787128286119530844962
0.0768369658896163 0.0007371521034639915726970494046515
0.07534023671492904 0.0006202878601667417797391140329887
0.07392658722413084 0.0005219505439926877247187901047939
0.072591469079267 0.0004392030474322776124533273983413
0.07133057273964807 0.0003695738773155954749297896617439
0.07013981660500859 0.0003109833449485222858971271969236
0.06901533636288221 0.0002616814558355870313090232894544
0.06795347459200055 0.0002201956446216553012583888489097
0.06695077066534323 0.0001852867949826428178983014711657
0.06600395097916276 0.00015591223117946493860459625294349
0.0651099195318655 0.0001311945763560259438627169871084
0.06426574886229307 0.00011039554752880553847904937334265
0.06346867135467626 0.0000928939047597648932400956891529
0.06271607091390721 0.00007816689603569980554203599999565
0.0620054750103759 0.00006577464371288863943437929741481
0.061334547079437675 0.00005534700604985052233337905556342
0.060701079288415075 0.00004657252180046728065048861171758
0.06010298563894912 0.00003918910726643081573761824736488
0.05953829541402364 0.00003297622828829212850512809702157
0.059005146947162884 0.00002774831318776016349222423767548
0.05850178170498825 0.00002334920997967793320826133095814
0.058026538677283634 0.00001964752235149616666204247509399
0.057577849042685626 0.000016532684942382638968527063925
0.057154231133865106 0.000013911660989757373590416391086775
0.05675428564677483 0.000011706163365074769142506221551112
0.05637669111394335 9.850316249593623958248993411664e-6
0.05602019961703959 8.288687502222315877715374858912e-6
0.05568363272907339 6.97463296553779770800567676e-6
0.05536587766677379 5.868903230123400278630853543343e-6
0.05506588367610582 4.938471363781132718424452997065e-6
0.0547826585672662 4.155546335296645830607693890842e-6
0.054515265500223446 3.49674303454875759740653483918e-6
0.05426281989050841 2.942383712387921602707784719883e-6
0.05 0