70.8465496894549 3.463790350981256e7
64.12131429251093 2.568040371134467e7
58.036073320900094 1.904090486424374e7
52.52992363415761 1.4119278746083722e7
47.547757831273834 1.0470820706142383e7
43.03971271712438 7.765988222466604e6
38.96067025465181 5.760570592031415e6
35.269806008137735 4.273586901110296e6
31.93018055822396 3.1709098250993746e6
28.908369799415965 2.3531317009008056e6
26.174130419952707 1.7465737400114026e6
23.70009721603145 1.2966240551003455e6
21.461509210985167 962801.1740738488
19.4359618383013 715096.0396017794
17.6031827082114 531261.3082724126
15.944828713616806 394802.5692836499
14.444302444673456 293489.6747605279
13.086586074600639 218253.47390896737
11.858091054127554 162368.13968120673
10.746522110196556 120845.13170858011
9.740754187692797 89983.99574521671
8.830721102492245 67039.39344812259
8.007314791316498 49974.27290817735
7.262294149921184 37276.88263952572
6.588202547090995 27825.105563735837
5.9782931887291495 20785.86782940848
5.426461584881859 15540.547528764844
4.9271844436218135 11629.657564721112
4.475464380044122 8711.817765736738
4.066779886856502 6533.32141991124
3.6970400657696545 4905.557458565453
3.362543666658745 3688.2580704526467
3.05994202477913 2777.066668651835
2.7862055256486133 2094.3103573066505
2.5385932629998824 1582.1495469401887
2.314625587892206 1197.4912224355844
2.1120592771091267 908.2109006313985
1.9288650769510551 690.3458444004765
1.76320740542065 526.009238698539
1.613426023184949 401.83964549686505
1.4780195135939345 307.8479669389452
1.3556304454025205 236.55967900241214
1.2450321257071133 182.37645293330084
1.1451168755891836 141.10083177507823
1.0548857626818897 109.5821334706745
0.9734396911757294 85.4525142640513
0.8999716805769805 66.93011321330256
0.8337600770713407 52.672127335411616
0.7741623651863716 41.665068741029664
0.7206092110599821 33.14272424025362
0.6725983862214286 26.524766611068795
0.6296882881816097 21.370771769536088
0.5914908756961679 17.345738136032015
0.5576639575800049 14.19420258916715
0.5279029087932053 11.720789671996421
0.5019320370900662 9.775582420502378
0.4794959823954736 8.243112737630884
0.4603516730270196 7.034072760682058
0.44426143807304164 6.079073376735934
0.4309878283624878 5.323942631612111
0.4202905035209721 4.726181019944264
0.4119252330075753 4.252284319528308
0.4056447269408975 3.8757161538939324
0.4012007691844908 3.5753674656584864
0.39834704433310586 3.334382160209341
0.3968421329348808 3.13925974807429
0.39645233203426977 2.9791688165889822
0.3969541540197427 2.8454214549514014
0.39813649861805595 2.731070161254753
0.39980255460421266 2.6305969099000537
0.401771480644293 2.539670240029808
0.40387986970283857 2.45495130648316
0.4059829513553608 2.3739342850721155
0.4079554541990542 2.294810509000948
0.4096920461253342 2.2163492071267235
0.4111072918547087 2.1377906109470133
0.4121351061104816 2.058749397072734
0.4127277259192969 1.9791279008928118
0.4128542666585203 1.8990393249883621
0.41249895665419706 1.8187413963422692
0.4116591611724571 1.7385807669378028
0.410343308688971 1.658948077825794
0.40856882284880325 1.580243168880856
0.40636014620665983 1.502849525415083
0.4037469205081357 1.427116772080772
0.4007623662648169 1.353349876287356
0.3974418841453603 1.2818036997569062
0.39382188375296745 1.2126816123367234
0.3899388323426907 1.1461370245696034
0.38582850696097526 1.0822768736448953
0.38152542795536315 1.0211662855620043
0.37706244917405113 0.9628338161709608
0.3724704797550197 0.9072768337831072
0.3677783135296395 0.8544667406968383
0.3630125441655434 0.804353838997821
0.3581975467938658 0.7568717289176847
0.3533555096694404 0.7119411889798438
0.3485065021663173 0.6694735298768094
0.343668567967908 0.6293734422897306
0.33885783458998253 0.5915413761276795
0.3340886323420324 0.5558754978778764
0.3293736174867653 0.5222732763126174
0.3247238957174583 0.4906327465618137
0.3201491431684257 0.46085349993630725
0.31565772303968936 0.4328374428974011
0.31125679658848804 0.4064893639279662
0.30695242775102316 0.3817173422515459
0.3027496810381671 0.3584330276767693
0.2986527126249886 0.33655181649712806
0.2946648547483844 0.3159929444473019
0.2907886936583505 0.29667951424297123
0.28702614145166055 0.2785384722104961
0.2833785021641523 0.261500545921917
0.2798465325190614 0.24550015255245095
0.2764304977314364 0.23047528582953655
0.2731302227584835 0.21636738790105295
0.2699451393670083 0.20312121117283183
0.26687432936548144 0.19068467411404075
0.2639165643218282 0.1790087141672645
0.26107034206081803 0.16804714019828842
0.25833392020804 0.1577564863515753
0.25570534702160785 0.14809586871788888
0.2531824897287962 0.139026845852379
0.25076306056265985 0.13051328388677147
0.2484446406737625 0.12252122674573754
0.2462247020743873 0.11501877179336147
0.2441006277568268 0.10797595109119273
0.24206973011362082 0.10136461833758084
0.24012926777562146 0.09515834147205304
0.23827646097346242 0.08933230086364122
0.23650850551907257 0.08386319295364582
0.2348225854962648 0.07872913918839622
0.23321588474289956 0.07390960005310002
0.23168559720151805 0.06938529400167846
0.2302289362105049 0.06513812106772358
0.2288431428036195 0.061151090936895657
0.22752549308220832 0.05740825526059644
0.22627330472101528 0.05389464399235083
0.2250839426657834 0.05059620553308832
0.22395482407806486 0.04749975047698262
0.2228834225803448 0.0445928987568603
0.22186727185218563 0.04186402999565959
0.22090396862605055 0.03930223687904546
0.21999117512926003 0.03689728137253457
0.21912662101644967 0.03463955361501298
0.2183081048351042 0.0325200333296978
0.2175334950644064 0.030530253601113697
0.21680073076599582 0.028662266875760983
0.21610782188308955 0.026908613051620213
0.21545284922243774 0.0252622895292305
0.21483396415189546 0.023716723105013365
0.21424938804415644 0.02226574359368839
0.21369741149561616 0.020903559074058498
0.21317639334731198 0.01962473265833123
0.2126847595331292 0.01842416069126973
0.21222100177869263 0.01729705229111735
0.21178367617270605 0.016238910149733894
0.21137140163077087 0.015245512514248069
0.21098285827006058 0.014312896277154919
0.21061678571200937 0.013437341107025626
0.21027198132817088 0.012615354554916275
0.20994729844350918 0.011843658076740227
0.20964164450991152 0.011119173915228252
0.20935397926112498 0.010439012787805072
0.20908331285973747 0.009800462331420682
0.20882870404508627 0.00920097625695802
0.20858925829067093 0.00863816417045664
0.2083641259776161 0.008109782018593121
0.2081525005911834 0.007613723121582792
0.2079536169452194 0.007148009756035111
0.20776674943951728 0.006710785254544817
0.20759121035405526 0.00630030659016916
0.20742634818334588 0.005914937415706763
0.20727154601375614 0.005553141530035291
0.20712621994590696 0.005213476744989742
0.20698981756410129 0.00489458912863258
0.20686181645377497 0.004595207601079063
0.2067417227681696 0.004314138861850679
0.20662906984467316 0.00405026262812661
0.20652341687101844 0.003802527164635584
0.2064243476014574 0.0035699450875830564
0.20633146912263003 0.0033515894257364802
0.20624441066857827 0.0031465899226871645
0.20616282248430912 0.0029541295655972537
0.2060863747371557 0.0027734413266471887
0.20601475647492623 0.002603805103958434
0.20594767462993357 0.0024445448500714337
0.20588485306747972 0.002295025875797339
0.20582603167800556 0.00215465231965432
0.2057709655112919 0.0020228647719417203
0.20571942395153836 0.0018991380442816622
0.2056711899319938 0.0017829790757486925
0.2056260591877943 0.0016739249672718056
0.2055838395455317 0.0015715411362068861
0.20554435024821735 0.0014754195838109453
0.2055074213143203 0.001385177268820348
0.20547289292947596 0.0013004545805425122
0.2054406148697337 0.0012209139058868927
0.20541044595435998 0.0011462382829955063
0.20538225352767206 0.0010761301379930794
0.20535591296846306 0.001010310099415191
0.20533130722523357 0.0009485158842190983
0.20530832637662041 0.0008905012524069318
0.20528686721589112 0.0008360350262040824
0.20526683285756891 0.0007849001678470415
0.20524813236628445 0.0007368929153163656
0.20523068040562392 0.000691821969590593
0.20521439690717014 0.0006495077332879248
0.20519920675735687 0.0006097815940606741
0.2051850395021698 0.000572485252376598
0.20517182906896012 0.0005374700914840862
0.20515951350385653 0.0005045965853620134
0.20514803472357743 0.0004737337412669861
0.20513733828253625 0.0004447585791571393
0.20512737315264232 0.0004175556410208383
0.20511809151595575 0.0003920165304774084
0.20510944856979654 0.00036803948163958446
0.2051014023426967 0.0003455289528957484
0.2050939135212586 0.0003243952458573757
0.20508694528796012 0.000304554149789861
0.20508046316685508 0.0002859266030648007
0.20507443488035787 0.00026843838083865957
0.20506883021319924 0.0002520197980648561
0.20506362088480473 0.000236605431550282
0.20505878042966058 0.00022213386008581811
0.20505428408423668 0.00020854741866506776
0.20505010868143003 0.0001957919699019676
0.20504623255065763 0.00018381668730072288
0.20504263542436418 0.00017257385290814234
0.20503929835028245 0.0001620186676419065
0.20503620360901065 0.00015210907322171197
0.20503333463583984 0.0001428055825279141
0.20503067594863067 0.0001340711244135513
0.20502821307893412 0.00012587089426778982
0.20502593250843723 0.00011817221733353869
0.20502382160843396 0.00011094441752530524
0.20502186858269883 0.00010415869306168653
0.20502006241585047 0.00009778800650499476
0.20501839282212794 0.00009180697192678503
0.20501685019972998 0.00008619175728230012
0.20501542558651242 0.00008091998758254674
0.20501411061909344 0.00007597065629238532
0.2050128974946738 0.00007132404284743916
0.2050117789342166 0.00006696163132306313
0.20501074814922898 0.00006286603899381304
0.20500979881007036 0.00005902094725251608
0.2050089250153233 0.000055411032916702874
0.2050081212654462 0.00005202191333831415
0.20500738243531655 0.00004884008356871721
0.2050067037503945 0.000045852865084691924
0.2050060807636376 0.00004304835453066177
0.20500550933407422 0.00004041537641692425
0.2050049856070513 0.0000379434402316947
0.2050045059946773 0.00003562269522623243
0.2050040671591453 0.00003344389568211055
0.20500366599498412 0.00003139835796224888
0.20500329961493932 0.000029477932479593774
0.20500296533441845 0.000027674965661414092
0.20500266065887057 0.000025982274212370542
0.2050023832705047 0.000024393113233252095
0.20500213101691905 0.000022901152046275096
0.20500190189890455 0.000021500442328196946
0.20500169406201735 0.00002018540603724228
0.20500150578473034 0.000018950800030653402
0.20500133547126398 0.000017791707112541002
0.20500118164184447 0.00001670350840831767
0.20500104292526805 0.000015681868118934212
0.20500091805120751 0.000014722714142342225
0.20500080584372687 0.000013822225122253685
0.20500070521443337 0.00001297681240441476
0.20500061515686435 0.00001218310939765438
0.20500053473989355 0.000011437949853146265
0.20500046310381623 0.000010738367359478432
0.2050003994543029 0.000010081573510307079
0.2050003430583348 9.464951745439695e-6
0.20500029323975008 8.886045476901902e-6
0.2050002493751088 8.342546672178455e-6
0.20500021089005224 7.832287450597078e-6
0.20500017725640607 7.353239929145758e-6
0.20500014798760724 6.903490205469739e-6
0.20500012263713563 6.481251747505452e-6
0.20500010079419617 6.084835118564651e-6
0.20500008208272125 5.712669294610947e-6
0.20500006615718025 5.363263971448279e-6
0.20500005270164012 5.035229180537196e-6
0.20500004142695374 4.72725663315467e-6
0.205000032069113 4.4381234759777586e-6
0.2050000243869009 4.166672997727192e-6
0.20500001816069494 3.911825863727656e-6
0.2050000131905331 3.6725657249140955e-6
0.20500000929476594 3.4479411320630605e-6
0.20500000630847498 3.2370504783999855e-6
0.20500000408255803 3.0390647873841207e-6
0.20500000248199904 2.853186073764554e-6
0.20500000138516858 2.6786761365647513e-6
0.2050000006825993 2.5148395470962365e-6
0.20500000027605014 2.361024274972858e-6
0.20500000007760077 2.2166174527682948e-6
0.20500000000882074 2.0810391355795148e-6
0.20499999999999935 1.953759279461748e-6
0.20499999998941507 1.8342602349301033e-6
0.2049999999226776 1.7220722214142225e-6
0.2049999997520924 1.6167402586053353e-6
0.2049999994361527 1.517861571962754e-6
0.2049999989388652 1.4250233831126305e-6
0.2049999982293677 1.337858449198544e-6
0.20499999728157958 1.2560304931209424e-6
0.20499999607356525 1.1792095639953043e-6
0.20499999458711302 1.10708270917259e-6
0.2049999928078538 1.0393730292407044e-6
0.20499999072425504 9.758050376632526e-7
0.20499998832754776 9.161211107697168e-7
0.2049999856114757 8.600809158764975e-7
0.20499998257341395 8.074817090419752e-7
0.20499997921066626 7.580938335451323e-7
0.20499997552378504 7.117269737694451e-7
0.20499997151421176 6.681921864672855e-7
0.20499996718561325 6.273207215721575e-7
0.20499996254297947 5.889526605883695e-7
0.20499995759167083 5.529314409341412e-7
0.2049999523371866 5.191061806710656e-7
0.20499994679055178 4.873632197260266e-7
0.20499994095659516 4.575550850641664e-7
0.20499993484720533 4.295779263455705e-7
0.2049999284661175 4.032956033255598e-7
0.20499992183074642 3.786347745256074e-7
0.2049999149444619 3.554712887234714e-7
0.2049999078222985 3.3372907123423614e-7
0.2049999004733561 3.1331603128200295e-7
0.20499989291239837 2.941604744361315e-7
0.2049998851407423 2.7616243565125817e-7
0.20499895859368414 0